,0,1,2,3,4,5,6,7,8,9,10,11,12,13,14,15,16,17,18,19,20,21,22,23,24,25,26,27,28,29,30,31,32,33,34,35,36,37,38,39,40,41,42,43,44,45,46,47,48,49,50,51,52,53,54,55,56,57,58,59,60,61,62,63,64,65,66,67,68,69,70,71,72,73,74,75,76,77,78,79,80,81,82,83,84,85,86,87,88,89,90,91,92,93,94,95,96,97,98,99,100,101,102,103,104,105,106,107,108,109,110,111,112,113,114,115,116,117,118,119,120,121,122,123,124,125,126,127,128,129,130,131,132,133,134,135,136,137,138,139,140,141,142,143,144,145,146,147,148,149,150,151,152,153,154,155,156,157,158,159,160,161,162,163,164,165,166,167,168,169,170,171,172,173,174,175,176,177,178,179,180,181,182,183,184,185,186,187,188,189,190,191,192,193,194,195,196,197,198,199,200,201,202,203,204,205,206,207,208,209,210,211,212,213,214,215,216,217,218,219,220,221,222,223,224,225,226,227,228,229,230,231,232,233,234,235,236,237,238,239,240,241,242,243,244,245,246,247,248,249,250,251,252,253,254,255,256,257,258,259,260,261,262,263,264,265,266,267,268,269,270,271,272,273,274,275,276,277,278,279,280,281,282,283,284,285,286,287,288,289,290,291,292,293,294,295,296,297,298,299,300,301,302,303,304,305,306,307,308,309,310,311,312,313,314,315,316,317,318,319,320,321,322,323,324,325,326,327,328,329,330,331,332,333,334,335,336,337,338,339,340,341,342,343,344,345,346,347,348,349,350,351,352,353,354,355,356,357,358,359,360,361,362,363,364,365,366,367,368,369,370,371,372,373,374,375,376,377,378,379,380,381,382,383,384,385,386,387,388,389,390,391,392,393,394,395,396,397,398,399,400,401,402,403,404,405,406,407,408,409,410,411,412,413,414,415,416,417,418,419,420,421,422,423,424,425,426,427,428,429,430,431,432,433,434,435,436,437,438,439,440,441,442,443,444,445,446,447,448,449,450,451,452,453,454,455,456,457,458,459,460,461,462,463,464,465,466,467,468,469,470,471,472,473,474,475,476,477,478,479,480,481,482,483,484,485,486,487,488,489,490,491,492,493,494,495,496,497,498,499,500,501,502,503,504,505,506,507,508,509,510,511,512,513,514,515,516,517,518,519,520,521,522,523,524,525,526,527,528,529,530,531,532,533,534,535,536,537,538,539,540,541,542,543,544,545,546,547,548,549,550,551,552,553,554,555,556,557,558,559,560,561,562,563,564,565,566,567,568,569,570,571,572,573,574,575,576,577,578,579,580,581,582,583,584,585,586,587,588,589,590,591,592,593,594,595,596,597,598,599,600,601,602,603,604,605,606,607,608,609,610,611,612,613,614,615,616,617,618,619,620,621,622,623,624,625,626,627,628,629,630,631,632,633,634,635,636,637,638,639,640,641,642,643,644,645,646,647,648,649,650,651,652,653,654,655,656,657,658,659,660,661,662,663,664,665,666,667,668,669,670,671,672,673,674,675,676,677,678,679,680,681,682,683,684,685,686,687,688,689,690,691,692,693,694,695,696,697,698,699,700,701,702,703,704,705,706,707,708,709,710,711,712,713,714,715,716,717,718,719,720,721,722,723,724,725,726,727,728,729,730,731,732,733,734,735,736,737,738,739,740,741,742,743,744,745,746,747,748,749,750,751,752,753,754,755,756,757,758,759,760,761,762,763,764,765,766,767,768,769,770,771,772,773,774,775,776,777,778,779,780,781,782,783,784,785,786,787,788,789,790,791,792,793,794,795,796,797,798,799,800,801,802,803,804,805,806,807,808,809,810,811,812,813,814,815,816,817,818,819,820,821,822,823,824,825,826,827,828,829,830,831,832,833,834,835,836,837,838,839,840,841,842,843,844,845,846,847,848,849,850,851,852,853,854,855,856,857,858,859,860,861,862,863,864,865,866,867,868,869,870,871,872,873,874,875,876,877,878,879,880,881,882,883,884,885,886,887,888,889,890,891,892,893,894,895,896,897,898,899,900,901,902,903,904,905,906,907,908,909,910,911,912,913,914,915,916,917,918,919,920,921,922,923,924,925,926,927,928,929,930,931,932,933,934,935,936,937,938,939,940,941,942,943,944,945,946,947,948,949,950,951,952,953,954,955,956,957,958,959,960,961,962,963,964,965,966,967,968,969,970,971,972,973,974,975,976,977,978,979,980,981,982,983,984,985,986,987,988,989,990,991,992,993,994,995,996,997,998,999
0,5.44852960174785,8.641382829269588,3.183483817984893,-2.327424005929373,-4.248082556351733,-5.016581170411882,-4.5027476862200615,-2.986158944126487,-3.1985547281647655,-6.852031959720534,-8.9004754492816,-4.334516921492224,1.351416428972641,0.19671100796222163,-7.216178758433728,-10.796643892738814,-5.189383479194703,1.1251084282737338,0.41708867511951553,-4.0049553544450305,-3.288886360037509,4.897526650063753,12.588887427830798,11.235568215957443,1.7631792688497399,-3.164880079119314,3.479492420599996,11.173465957267808,8.422080743746164,-1.8221444791153658,-5.173679446052063,4.399223065158054,14.487497187839836,10.763967047008805,-4.585681318759384,-12.75553355528632,-3.6661743686020145,9.058384019516836,9.589839185840304,0.9516357261306325,-0.7670973904079688,9.53056673921256,18.199111817282073,12.720556184113747,-0.20014000844057023,-0.6514881444632579,15.245033617686829,27.0543975113481,19.08458314976221,1.4803100671184382,-3.3014853314437005,7.775667498246605,16.373956368112403,9.577880723928288,-5.597118447941057,-7.989026724274197,8.902359848069807,22.874213375143256,12.747437779876563,-11.663774063754062,-18.975660424793887,1.1530195626335171,22.89212593316077,19.675421138352718,-1.2364050591410631,-7.823701078047847,10.425695297394398,28.154382752912298,21.92550304799792,1.1369401546864637,-4.28116199837234,13.334495700320055,28.631595430797297,19.488812956470255,-4.11753115424515,-11.972626504526254,3.7361184540334733,17.64648918155352,7.862265941935057,-15.177797313160582,-21.041183325498473,-2.151124726903035,16.152733263763146,11.338494202269082,-8.688437383636781,-16.241314834889238,-2.7263222516935883,11.924239714778224,8.051804845793534,-8.902339710512962,-13.832107907980486,0.36165199865789077,12.904927984663033,4.777140889072854,-17.240934763438247,-25.14837960497057,-10.168620050496273,4.175175292114176,-1.8596822659812347,-19.409327083901104,-24.26378597651174,-11.8308470779955,-0.004096657561461825,-3.0931485464334543,-16.611646710034023,-20.66812928409658,-8.464389058515337,4.423930944598084,3.08789165788275,-8.92226251502538,-12.579920672749637,-1.9096333725082957,9.110834920524724,8.249672780345506,-2.806688737547546,-9.69826309037117,-5.462967561364707,1.8041454461256308,1.6199625065496264,-6.878024362420888,-11.005815555023759,-5.950864980598922,-1.221355203445171,-3.82687661686073,-11.770198084639048,-15.230217178908987,-10.432811620313885,-2.0340721343075643,4.425798431246562,4.875625749987137,3.495296591032968,3.720854731920511,4.556789057276376,6.404921401353548,7.261485875889377,5.812275460834826,2.310759331329635,0.3146110312766268,2.630257379077946,3.7542320439861214,-0.014930659172136984,-6.778712189452477,-9.776365875580893,-5.659651313393539,-4.007536436640862,-11.001668447387885,-20.34406367709137,-20.772581909879875,-10.490588093403332,-1.8386813709890362,-2.559365833645842,-8.889791110831098,-9.630068702787526,0.06489836211814293,8.180414571844977,3.811609501834255,-10.011499547071708,-16.42949817107666,-4.531958280687249,10.824447348455351,10.036702211122332,-6.142661605591968,-15.251398168072456,-2.736875529855695,16.05356415733695,20.6020126116193,8.571245837312006,-1.6957808705814728,5.771220665990384,19.821778149206594,20.281754087343955,5.30079555681354,-4.800612426008286,3.6683970602807108,16.980779347077487,16.747161692150428,1.1013391017242213,-10.839371385173791,-3.1794007635628674,10.726799908350579,10.333940296322737,-5.496144188462743,-16.646269900253415,-8.117299562212963,8.023391796716808,11.494536567459292,-3.1220661110445604,-17.55884346433998,-13.83723400393204,-0.6817139422037926,4.17919151884692,-4.331306086942121,-12.243032796267826,-6.778196027816932,4.473292865647245,8.23195018445383,-2.1428026753813185,-15.920148251788035,-16.262272485818315,-6.239626703845332,-1.597368271204644,-10.358726923842838,-18.911254476239776,-12.315799381538426,1.434172129708017,6.550120937088806,-3.306449067375979,-14.519011443274323,-11.538678012833167,-0.7560761983662587,3.891550181281481,-3.1491617965205165,-11.42326617455997,-9.6246367313883,-3.253175923080022,-2.220688424582562,-11.212839048615237,-20.039068918528613,-14.813456704531248,-0.8951300971647527,8.263544660081891,5.300442698586039,-3.4606566753684547,-5.987946422453106,0.8565320032751629,12.096509541515601,14.58908857305768,6.035595528835643,-0.4679259022458808,0.6235822273813483,4.532876756395481,2.803719640261164,-2.8745226557746264,-3.2293398921738827,1.9983753964118307,7.3508967900484805,6.8183718686535,3.324459043057743,4.379384359243446,9.297609091145318,13.744869930426702,11.730647007348622,5.638063507489733,3.6867663081621913,6.718794094443695,12.270900898376553,14.108330928534812,10.982632385156194,8.32492493584354,8.482685211306176,11.862240204228058,11.732482690510636,5.429735425100546,0.9054955542366088,2.2159394370071936,6.910219460864283,7.5344241952872935,2.8076895817791865,-1.886495953692254,-3.908899206290954,-0.9227111331667004,3.9593072178813316,7.361651441090686,9.518266759141355,10.154654744237888,12.10757970853146,14.3869838092792,13.233692363521243,8.146771143856114,3.463694807859099,4.6198908444132485,5.2965601239787645,-1.082988962153081,-10.526631441577138,-13.845289593206246,-3.5262999231491676,11.943937312799392,17.462693753441727,8.772725005252184,-3.9762929017762616,-5.38279728751337,3.1937920715729717,8.446322625107229,2.750805112907784,-7.368016880727396,-8.152979650880027,-1.183837652725174,4.4399082992389935,4.210309897630154,-2.2435376516407786,-6.776378194849627,-5.116345483084785,-0.6233227486441564,1.1099418248951451,-0.8660678392097054,2.319226688431357,11.467152814810952,16.81769491616754,10.860522952297217,-1.0501987952866187,-4.152699905328575,0.5548531617860348,2.471197478071204,-1.601529081064058,-7.1145530327414335,-5.779064510634441,0.46060869238998237,4.495045853697732,2.576596608355061,-3.1791717858272506,-4.0517881795987165,-0.14582298452656062,2.4603529587166832,0.29581262287869947,-5.0106403753940185,-6.270178466422152,-3.881884406407849,-1.6454252208262972,-1.7119683084426072,-3.2010480993082737,0.7413506241677226,7.880454651677141,10.33486841383769,4.827127568679927,-4.955570693579794,-8.014126703975414,-2.496770187166163,3.426557661445024,1.2286094703773642,-8.898504878913087,-13.677566208156946,-7.107709465279697,3.0227889418382645,5.999002882627792,-0.5303601545675676,-6.579926228933161,-5.034338804704149,2.05579948412754,5.295946466030614,0.19255590068998885,-2.9210156874583397,2.4118380780955206,10.87870135805365,12.430032111763047,4.04023027178016,-3.6606799797722545,-3.9504241649668757,-0.6759278538452378,-0.8165276493170417,-5.095820194082478,-6.306535622185745,-3.580047618085338,-1.100989748326704,-3.1314067175521103,-9.63621699578519,-11.603987925988491,-5.240096164385577,3.2392917987629346,4.756792743272719,-1.5096778683549843,-6.547988167266979,-6.14181926116067,-0.5366903464967834,3.8027397943806847,-1.0420593081090033,-8.951887649362668,-10.451709129820337,-4.015099805456373,3.4079956122546307,3.7191235590695584,-2.4180628986094916,-8.768782728282027,-8.322283165052795,-3.0651895650231467,-0.06694001855788656,1.3223169163507436,3.3296397744122963,6.635256439426044,7.645152827930975,2.8354484615151847,-2.6783210764030656,-5.066387702685503,-4.670629649284308,-3.6064407154406624,-2.8287752563566073,-1.4405415719155314,-2.4993886260135483,-5.0751633478755735,-5.037767977508828,-1.7016364647750066,3.530506860823479,7.0358978080377135,9.045706677347411,9.394389701539541,6.305114952001389,1.9723927624239934,-2.505463932829791,-4.90721245093367,-4.9617965868097045,-5.345565158725137,-4.974348197851299,-3.05563509527029,0.024937826454973333,0.9628396087629696,-1.965482506314359,-4.22153221924421,-4.515605032540478,-4.276624036046584,-5.062503666221822,-7.030355892584609,-8.981318424757276,-11.27384791538347,-9.880680706847158,-4.170351477491742,-0.9354489218022195,-3.5838659387373326,-9.459913536905596,-9.542644266411273,-1.1989793218125726,6.384223902885147,6.806401182460689,2.6895652298965587,2.1463127849902577,6.818340400892247,11.124868884993496,10.839960721537892,5.425380358401661,1.6510530095795417,3.3638191934804027,6.220947255860398,6.278243565639357,2.3232197000919648,-0.8216481353956979,0.9281128651035431,4.433751392120325,5.660113249723153,4.386249371828747,3.759635357576421,3.4700430841256207,2.217780665238113,0.5322009305597959,-2.5105977659911822,-4.257185214065181,-2.8863571026497397,-1.0378312480336547,-0.10533616260561018,-0.2789271794725572,0.32338901100992956,3.7208273570063852,9.015179202936643,11.696484084081298,7.50050425195932,0.6643228724392429,-2.0331483711965816,0.16824339844223246,3.240698843005319,3.4625403974372517,2.20010028129985,1.6251613189829044,2.2131561317873754,1.6987039167854263,-3.7169339242210278,-9.508600000528045,-8.06077403415292,-1.2238571247960124,1.9862746243069864,-2.3990741883622846,-7.825128307918931,-8.87240194013313,-6.874524788685784,-5.852760226363898,-9.113974709725923,-13.277344588665137,-11.881869879852516,-4.941875537789173,-0.6268270910253477,-4.009373157608117,-8.209479927992998,-5.751168184774599,2.097548442248616,8.093510536484768,6.661204593273382,0.8790263473802504,-2.632532325597438,-0.7054831679765243,3.700623214518572,4.161503260219888,-0.011252787052363544,-2.8209795750754623,-1.043751985946507,0.14573793671301516,-3.767317320305107,-9.142905804231297,-9.685726528575653,-2.933760711729171,4.492190866110519,4.546486162808616,-0.8047367260528802,-4.860897175912132,-3.7354830763327698,-0.37754319634026245,-0.5003229079706735,-3.461201641852334,-3.814784603424936,0.7809915891282486,4.6950626549705134,2.4347208551929036,-3.3606598720829552,-5.912229279861371,-0.9814736706992591,5.265143777606241,4.431109136087649,-0.6552598403113024,-2.8415227915446195,-0.2655410252699255,2.7495053386041093,3.0506077249882537,2.4963565049043552,3.354587650808007,6.826015263477849,9.170935698211338,5.038013813705241,-3.3039105655616794,-9.325609013752917,-10.23949759361944,-9.541774274493946,-9.335251634601072,-7.872093948558202,-6.414250311315556,-6.197346253656605,-6.168630945082967,-5.77410277143133,-4.967540827185815,-3.8702423765048337,-3.052832612268766,-3.2657617142608046,-2.3982430816243436,0.0017754777490495144,0.38698906261531363,-0.0553947244726416,2.5927856466809374,8.012389470796933,11.961860794278309,11.356050136068795,8.08637645110226,5.427458092749674,5.218928732910335,5.768726310973321,4.701927838350457,3.6445572712403305,4.458641209940907,7.939866517173115,12.03000865184761,12.584949900369722,9.3884152311294,5.405105961275382,4.275496648667989,6.113019747543838,7.753631590839724,8.30942494415629,9.32386311471167,13.007776462958738,17.100146286012645,17.053520988744403,13.58620493023139,10.361370892321958,10.517524344195898,12.330331794004948,11.470675310490194,8.096176271559376,5.2993946857884495,6.396063912796045,9.055121495271258,7.672667083537114,2.7751115706916707,-1.6680382300453047,-2.6520365632968392,-2.21151290760789,-4.039819488895102,-6.7875685012210845,-6.898649649817223,-0.8676361407282087,6.497882051363412,5.706876223206322,-1.3111919013733182,-5.278023032158515,-0.680214239182444,6.950882702650556,7.226728700744411,-0.16681924060063036,-5.584942362558253,-1.1680201538814838,6.606885510837432,7.480464091671424,1.8563110938852834,-4.592742438301654,-4.551828834542349,0.14656862582736707,0.17302379645629617,-3.467700094968496,-3.6396583238506075,1.993155922844486,6.46654270653643,2.909050822481116,-4.38896415664383,-7.958322627387645,-4.642610357858086,-0.3634519348292713,-2.4422591210382176,-8.127458987601127,-10.344191235288875,-4.292731681663085,4.797814771218029,6.868096573364699,1.8927460501735425,-2.602271535843016,-2.0078174372554116,-1.2110010102300635,-3.952799240230025,-5.823874478601894,-4.767820242589629,-2.623421358795195,-3.0620747342819357,-6.737926017421309,-11.059099044484732,-15.335891160718262,-16.230781146341517,-13.020798160375378,-10.084860349971184,-9.583588525754706,-10.144236639577116,-8.552424216849015,-7.3349088280400565,-9.208926110832238,-11.171520402990026,-12.33061193651264,-11.77992932787226,-8.348590392875934,-1.851045716605789,4.714538868290852,4.810110473981865,0.17349782375809752,-2.647525594170105,-0.7657640865629105,3.1381945876765442,1.9577644061092343,-4.081942134550431,-8.84739461341671,-7.686008016592481,-1.7226280117690003,2.160046931842629,2.6866285360698505,2.077008703414272,2.0739025213873745,2.224261865682884,-1.6884524213141248,-7.150585928184867,-8.272700283322195,-3.246927607454431,3.372309209859349,3.83600533328714,-0.06291309161418113,-2.900530873737818,-1.9796773621925468,2.49767298002892,6.095371531899083,7.459689768067692,6.117272842646599,3.864705321296981,2.7216740631565237,0.13366706427027708,-1.0572252212498476,1.3635857351567893,5.195445505770742,8.056542517244495,6.85101405504173,3.0916927176374074,-0.8156877619865419,-1.9013772551725836,0.6386222720710037,2.662175038400271,3.199803172169535,1.3025660726962016,1.0037333036113623,7.035033633078493,11.888317544240419,9.10635573439507,0.6482548220820892,-3.941638995118808,1.1998608301001248,7.92230176359514,9.518893161092864,6.7247364095699265,5.09215953547031,5.946815677452586,3.14781448411755,-1.783492023074679,-4.52570619476321,-3.1820416807168908,1.7807436288022807,5.018709436008354,4.122351465136445,-1.078196673695082,-4.600593271881891,0.06184512075686044,7.554452256644341,10.657107688496133,4.936309585119506,-4.221132026469988,-5.86213352484862,-0.3413558723552583,5.444962564893951,3.143556750005491,-5.638236773604589,-8.912263797265137,-3.0759850630767716,4.556002657772783,3.3168485250388198,-3.9275980062072193,-6.011284382420721,-2.498566448763839,2.301599930224185,3.415514095051641,2.5676497432023098,5.339742756314031,8.404743567294432,7.939513258964837,4.449302390284124,2.1438772637433416,1.3544702163420013,-0.7884528651811422,0.030396767578878325,2.7679339996535823,2.7219525383387975,-0.30022790498958685,-4.364937798343483,-3.320708403691931,1.773837565075322,4.6974821461080225,2.7431338947094446,-3.1162805122393813,-6.235381469956323,-5.149543173502735,-2.3611830572640002,-0.3302177123019483,-1.012472850128713,-0.2395392010428523,1.2901683729112214,0.47084336802331705,-2.7857627523071002,-7.494163315474324,-7.455741373646518,-2.0957839343497078,4.963256211014063,9.653927748071876,7.49830345796831,3.0783452307156836,0.20416131875719934,-1.1847576894522902,-2.6699813779074866,-6.78458124695495,-8.950148091855986,-6.18748059932997,-0.7871613759817588,1.38711944305855,-2.579464717394883,-4.922183394543606,-2.7676594091130853,0.8679319311375022,2.3897103720141635,-0.8955601498117405,-4.317890372628517,-5.834699352072207,-5.0448462047470315,-1.9713914907665195,-0.3982746807034854,0.17223233405464633,-0.11653668985736587,-0.40017907821978627,0.599724650217353,1.1734148166386902,2.3691416189586736,3.6503182908510903,5.243143788813581,5.609186298412095,1.75785509830673,-1.0485680722412205,-0.4287748850646178,2.4138188963067266,5.342469166358377,4.803930869594701,2.5893280020931524,-0.6498711486972475,-2.4004391801608502,-1.44840794607979,-3.047911676503741,-6.200653818992032,-7.232888277518338,-4.089414597848128,0.4752225953911626,1.1345605912276273,0.12391729806575569,-1.4359944789532584,-3.830651605375662,-7.602959130101127,-12.473231513043881,-11.705298186204335,-5.571040567918338,0.23522411429884826,2.2906505252377087,0.09778096959397509,-0.6858037015123273,1.4140777979037402,3.7449470119417985,2.893544671788586,-2.140863977936304,-5.745255437818599,-7.34998116106506,-8.378495457314656,-9.286047481749502,-10.38392434858221,-8.2584542489221,-5.0528296681589975,-2.5425332484317593,-1.1698066952859563,-4.4311044820149945,-9.325483837731646,-11.3719905318124,-8.26375100710683,-2.0067112914426275,2.9856774667858694,6.755499676340328,8.39847381255371,9.626091284954725,11.448136495295138,10.954539398886741,8.564958211211241,3.5510965274156874,-1.9951112906342168,-4.802527567464075,-5.07285294582443,-2.5020020606076088,0.005386602584742661,1.9295650055143057,3.6880630522586912,3.468551076258045,2.996148096297908,2.4827698686563267,2.349373982664421,2.5916407336610234,2.517269899421823,3.9354716643796834,5.0233396615934325,5.511928113436557,6.811036033303331,9.284277789084491,12.25124513688164,9.15800073585568,1.3347384007277334,-1.5880435628779814,3.4199759706006265,11.173429774392929,11.5238298348401,4.18329287205615,-0.3939560814665004,2.9447933706426017,8.456382549877112,6.643301049003005,-0.6232415996525376,-5.212892969578525,-4.13179295881452,0.8026817819732521,4.049488773873338,4.2172785721103585,2.5457117901698636,0.3220594124403755,-0.35432300783366166,-1.7185051638862219,-4.6272871288371915,-6.636036607491187,-4.7442593465386125,0.33943680593987935,2.2617245434137754,0.9532360640677133,-0.14253683357723546,-0.14798378787047461,1.5588002865694683,3.6692845459419594,6.518589824501255,9.426507431753265,11.416879559284565,12.76192044010942,10.356047839332156,5.5139786161171145,1.4848039340904258,-1.4665312611435972,-1.9222522445506662,-0.5069752455125212,1.7453477529953023,3.949687801192926,5.201947364955448,4.746387603124097,1.435167944484311,-0.7086384901965772,0.40624847080496806,1.9597352872894556,3.186945229206959,2.3735054581382125,-1.9160927553081954,-7.821330966835141,-9.404477538182306,-4.065161211214516,1.0032000977827522,1.9325232808347543,0.9410091287119329,0.5765846795048297,1.872750549462694,2.808008761838547,4.5570925112242175,7.454713501054417,8.403664845495623,6.544264272204671,2.204022395718546,-1.721464671308027,-3.9184909712996046,-6.0078127582948895,-7.31477645513413,-6.998903287889426,-5.361731517951753,-3.9329514883007697,-2.060893846802241,1.8793479200055465,5.16329272301715,5.837086301839069,3.335742206626435,-2.177224870577259,-6.615613843230669,-4.903772461968103,2.378283044198069,5.908420933002439,0.7268502114862283,-6.247428939629048,-8.27789976156911,-6.0572927001204215,-4.359200342201602,-3.807070423406775,-2.6494363350593497,-2.615090113524884,-4.648047680365909,-7.802032749570962,-9.441784138830668,-8.037737573631762,-6.234354017978678,-6.404813764874923,-9.763660345918385,-15.328169993723547,-19.200131069202023,-17.771767404173744,-11.21288023576841,-5.0969323176855195,-3.2562562653469627,-3.3122440573885927,-0.23321459901751496,6.972268421070975,12.446245672863597,13.466884255625558,12.472463271178926,11.495345342377831,11.190027021461736,8.462876066796284,2.399267080992992,-2.3541714155775715,-2.172422670784055,1.33941456298016,3.099004497052748,1.7686965537119796,-0.852560129430902,-2.707225432078916,-1.9055590896430417,0.5614174483465995,3.306304872447214,4.987239462135214,5.247891571782873,4.877754606689365,2.3429812743879985,-1.946565569865495,-5.375177493801775,-6.679619640257105,-5.400244192652629,-1.412112936331912,4.085804244725679,6.0267469677008165,2.81943994479626,-0.3435453157038566,-0.5114159379199599,1.2370695950590935,1.681423242354775,0.5428030101951027,0.7776748099642816,1.6129784251752195
1,8.56024325765155,7.618888642632058,3.160653236880421,-0.31571408039876303,-1.7184594581636645,-1.7092132272121319,-0.8182175287740421,-1.0460701237975059,-3.5555672656368955,-7.250635784795975,-9.131653377130363,-6.755995521816786,-2.5018350390332387,-0.8541350645498653,-2.2077025204227994,-2.186082565106105,1.4398853036955899,4.752776243243247,4.657943326791596,3.608260438870772,5.426620665232136,9.188672243468375,9.10778093760105,2.809219128744118,-4.767236437492912,-7.083662653198928,-3.0959037258533115,1.9818978158129141,3.646309939761288,2.1409314989073067,0.5311908363453881,0.5054017829192219,-0.5041627575362213,-3.9137415456597324,-5.35176737957606,-0.9769290644939161,5.399046371340056,7.482376261803481,6.432510159364455,7.219467074022603,10.18561214281452,13.03297537977604,14.054041202710422,11.439474014414301,6.094578052565026,3.8964391337682542,6.923264396161585,8.58568141125815,4.955792891902689,0.6678617812609957,1.160547806726548,5.5793105426288605,8.434006052061477,6.463156785175322,2.0066059757513983,0.6074684959837953,3.641559939436938,5.601484788412122,2.0220084470130786,-3.908922609562495,-4.479580813451044,2.2878949462200815,9.091005579569995,9.043355476748683,4.517218137440601,3.2369605529546277,6.854158958159136,9.138177298824758,5.917245095409356,1.4722889995686472,2.793453020670853,8.327075198192098,9.7631803846214,4.6797874585971115,-0.7301474719290368,-0.04079228821697001,4.45900824133553,4.011589580902125,-4.1766595466664995,-11.999423138146437,-10.222894427037563,-1.3108669407511684,3.3543566271160934,-1.4329419028076167,-8.520258823658098,-7.963756493365773,0.12793538442409513,6.181440556660672,2.75897097211333,-6.801539001753252,-12.316555628150068,-10.834996270010642,-9.83947260629052,-14.89825501091123,-21.396131058833788,-21.281151654076698,-15.733569160717856,-13.589375855450058,-18.16222860484161,-22.795443851938185,-20.42521024095872,-13.544991211632784,-9.321268206682035,-11.351494243190135,-16.51424341215106,-16.239623759963543,-8.835164302997313,-3.419121910907755,-6.01071339806041,-10.948193681759705,-10.055457665011708,-5.407366072222764,-4.280394549935181,-8.401352724962052,-14.000271633861999,-15.918669128903467,-12.862487301469393,-7.0615273504309215,-0.869802235555639,3.139527307572152,3.5541270895460144,0.3434446012273966,-5.038630206425779,-9.923518460487955,-12.111366170393765,-9.794037282514758,-3.6658197321556116,2.4452581663982613,4.829343541218343,4.009520751926544,4.525100988873469,7.1663919968663095,8.6447097536564,8.64901281226215,9.56370423589054,11.12449961636186,10.610409898577558,8.694529072354683,6.465809951189286,1.894748884457357,-4.248454848157131,-8.647802431531971,-9.008852306217008,-5.643637243945037,-1.3932492411539528,2.2588448435443524,5.070962870810298,6.8799351210511475,7.304285143531594,5.9075683579247595,3.4001017528529616,0.3100741327411427,-1.4529227772150506,-0.6127230781621122,-0.14314057827571958,-2.063647159791323,-4.422105954179848,-2.9127593437548853,2.8774006617443533,6.512394504773027,4.081797853741314,-1.1130282335868102,-2.439122846106841,1.991860260411329,6.366010666266426,6.265768002717259,3.4436517267170785,3.887170989137587,10.12198136183861,16.522847813355447,17.651503840097504,13.88953441332469,10.985167309257228,12.976729148762749,15.943864712353431,14.253508688460187,7.167186506410765,0.32196930895841547,-1.8327733947113725,-2.4121675632581585,-4.408491024985864,-6.048828242969865,-3.442938163147552,3.5579713216810376,9.110975264722523,7.821423851322717,-0.1571126132499181,-7.416559079392538,-8.286258506212864,-6.048736094316702,-4.885227182383137,-5.4993716342177095,-5.39389260475026,-3.3292469956832917,-2.6988742963234547,-5.612215226142343,-10.154115953598483,-11.67408693984844,-8.816308310168026,-5.627449078930187,-4.482176568575113,-4.224557571493804,-1.772630376642386,3.0210986552130272,5.919530107402693,4.283451348080405,-0.7723632370922608,-3.7807042291682578,-0.5881220586718321,5.407408489541611,7.505030299042637,2.615820925296937,-4.033780008048474,-6.131936104921051,-4.232743677141814,-1.3564527275500176,1.2644487301363672,5.941230966176099,12.51048196118403,15.608815532718983,13.078257723519066,7.32190859477226,4.11355563332401,7.12316536076057,12.740092139131818,15.92603931774108,13.822551752581717,8.702026928009783,4.9996801299473645,3.0477882200902897,1.402725909330404,-1.0631342526515155,-1.4545403471538378,3.193692747641192,8.108348608116252,8.306268838333992,5.7126242404790375,4.856519001865163,5.220096056309298,3.808286871189644,1.3307610219208055,-1.0941776144958766,-1.612382325448408,0.4985455921963009,2.3403968013872927,2.6854870241488022,1.4767997828532984,0.35867563374375777,1.585173295571881,4.321063670236079,6.445256524588547,4.947858289502612,0.8039723430101304,-2.089461978955086,-3.464839987510693,-4.0820040363242,-4.48839440502676,-3.9358807831793925,-1.6795957781742032,0.9137012814163086,2.45442223765361,1.3706495432546077,-0.5353205422322631,-0.023582579648330437,2.3024783371088446,4.714569719863409,4.944100545739666,2.8224487075354574,1.19197522164729,1.5817780867940314,2.9537899068125313,3.0159535450310315,2.5143852800391358,3.5169171703330733,6.423170828875762,10.484483530956233,11.503702792193728,7.661300603164186,2.479233041797343,-1.2733359860932794,-2.6477125141748274,-2.8818453029850453,-3.307791361272173,-2.9037813533062042,0.14074560087082943,5.18034908866629,7.714993240539414,6.067223554615538,2.3875204470184954,-0.6693899698428751,-1.2257326297104143,-1.5434804243931097,-2.6842399771842693,-2.5733247808803945,0.4532082137733653,6.9861903772888425,12.453562308772991,11.525475955132976,4.737765971596751,-2.110562391108715,-3.829573937477349,-3.108981491313358,-4.386234031223019,-7.857633706644219,-10.020031221888942,-6.373950037630173,0.3114358512499926,2.981916218668971,-0.6158583232998609,-5.628058383265493,-5.847788274422157,-1.459048812557338,4.860948167866855,9.283290715166018,7.359261552354287,0.19272342449188073,-7.432992731375927,-10.780857136073521,-9.517944712681068,-5.780234134984603,0.019785180048728535,3.910557974848036,1.9743695686851837,-4.796643063340255,-11.284237349677497,-11.288881812907633,-6.2803941068122064,-2.3806337887481774,-3.4821401084669468,-8.67161766788006,-11.619020633407416,-8.804914610724484,-2.365171060950587,2.613707143762211,3.205053968309133,2.9926185619479924,5.300885310508189,8.615740754208113,8.425720690420171,4.576563016653928,2.696546389886665,3.614901082701028,3.6485814975795003,-0.7339980906234427,-8.905908714390268,-14.725428388085875,-16.040844861791903,-15.016754003650826,-13.84461560980279,-13.529047290680467,-12.778956047257012,-11.17757523993637,-8.508970390564823,-6.689759016297284,-8.187242924114488,-9.596339841669403,-8.23596532556673,-6.469596568127335,-7.260858665351211,-9.75691772851911,-10.210957519604928,-7.964784177991698,-5.031001836555166,-4.443675678706629,-6.25499518983138,-5.723562932304818,-1.4838105547450642,3.473519898299397,4.892808175856095,1.298990476790351,-2.1949546214998747,-1.1417238992561511,3.213141382642476,6.450401172734242,7.103877371575752,7.702754877069921,7.257303022825752,3.099371743778441,-4.436230222003047,-11.78371066982826,-14.465277303612012,-12.959679303592523,-9.423124468269712,-4.627153984105721,-0.7318257708497953,0.31665707672748766,-0.7728898297408406,-0.36763476089149805,2.8724426072868248,7.091187999694668,10.769605362471058,11.569944852598084,8.857510658577844,3.99854110267078,-0.9907730215003703,-3.929670279340346,-5.320970880773393,-5.810271721087602,-6.233706039828563,-7.160505535416593,-6.518035262812553,-4.529264851862532,-3.755649133696693,-5.324973118857624,-6.981381159683714,-5.683628924969899,-3.418114872342553,-2.800877367864828,-2.8615095618118254,-1.34726642071967,1.7566194122756151,3.3156191085910933,3.0874060417567932,1.964587262800773,-1.000003638946886,-4.47452340478041,-6.147849274258039,-4.742104148734931,-1.4945529933214736,1.6904716961682595,5.210225430060213,9.010972772206113,12.158957243347352,12.649208699359253,9.574936247898698,4.8460373616512555,0.5066001891676688,0.5147139330043444,6.195898351435561,12.298876768146506,14.127298911082551,11.364170183219848,8.388411482119572,9.419781601753758,13.142215341414222,14.878535916150113,11.089334136514891,4.192852976646183,0.4672350587362839,1.9017604903736824,3.0055734628985,-1.035552992064746,-5.941594675957587,-6.523782651310883,-3.808347616651721,-1.0277303284657773,-0.22856907894113299,0.21274227862532058,1.9815932205539024,3.41416927612908,2.369504193227467,-1.1633163968071667,-3.435701063009004,-2.010144966766728,1.08671919770737,3.615036139298988,4.993637491736658,6.358957674758607,7.971721794289969,8.664076798442718,7.62489692200799,4.8170650281779555,2.723796130715902,2.8040776388584012,3.4811435722454944,3.156997763104266,0.8409055092326417,-2.1200102030150423,-3.1271383474564605,-1.0773645078195422,2.2315282329147426,3.6987141456003294,3.6210684184240503,2.8520051209552006,0.8957781151338904,-1.1839243663168704,-2.0190721032074066,-1.1384693412412425,0.829414136446625,3.4539036778053958,5.864509168776618,5.545549415304974,2.2750520421756546,-1.157281464233117,-1.6040921001913198,0.9222738899994294,2.803986263589657,2.7780859187469,2.103454665849682,0.25662710071957395,-3.5758104500497536,-6.71521087023668,-5.403861938287808,-1.0376864684719669,1.8496726828247398,1.9802667249114112,1.7370662284868992,2.1888861227666228,0.7214159448953046,-3.534187723277779,-8.102949724332255,-10.433370971936785,-8.415330926656196,-3.629916313317975,-1.4614703842394619,-4.946750924721966,-11.506360550755119,-14.882511013919583,-12.253387603679558,-7.979427565777183,-6.852566349270935,-7.458729066691625,-6.455326980764532,-4.783040600915882,-4.528413958855808,-5.715763121455643,-6.6688215616653235,-4.756911333212148,0.1457404234910804,5.046714320922664,5.223771543353376,-2.003497387324444,-11.207058752232687,-14.213551050425009,-10.731219979710815,-7.392740132168029,-7.831153770953428,-8.923280460554821,-7.63872819076359,-5.188762123880181,-4.255126537020335,-5.137735246556645,-5.9758700262209175,-6.484807134893316,-7.029191132761092,-6.5290599522687565,-4.54052159625456,-2.2647912451946794,-0.5175611197723065,1.6822917916929612,4.594176739161345,6.640771333975248,7.572542587024543,8.317117703335967,8.798717285880173,9.008342585187108,8.881526491936256,7.182447084533614,4.01800754028352,2.0875010503792026,3.870464828221138,8.345437662511923,10.377069075504025,6.445375587937594,0.21742482447048417,-1.889886671631551,1.312242362641829,4.88570994496602,4.628723473550741,2.760070773154702,4.219067213552448,9.99066229103747,15.995299439925269,17.723363593308896,14.96190390565909,11.026385699739865,9.517897576018141,10.39182632832642,9.62938463206444,6.367649653980914,4.0859203932668775,3.2064677897495635,0.7755391619071137,-2.869465417786069,-4.16463335741051,-2.3497870324456294,0.21166930543478468,2.10508050825115,3.9679593037668024,5.4597887594610555,4.6572599450457695,2.479612559789418,0.8774479279950711,-1.1321998772282251,-3.9779375678767064,-5.376270234451228,-3.654796538661614,-0.7893126616241455,1.155958516982012,3.986206952751596,8.323947386214495,9.771971542280264,4.933030103580968,-2.723638318720849,-7.447423728964713,-7.339859277010616,-4.122031059852503,-2.1635078780486063,-3.5186300810185687,-5.460864801959399,-6.0074115328416795,-5.042861832294119,-4.3571177491731525,-6.799025361397996,-11.004244086513216,-11.918895945806035,-7.085067887408844,0.2448403764402407,5.26607321662148,6.162713767761648,4.217815574046616,2.1246662937930623,0.32588031870137435,-2.195656980243144,-4.37810584645961,-5.030206063545425,-4.697355223786969,-4.403857575209724,-3.8171210826530624,-2.2478395213033995,-0.22828529259682995,1.0586307830827293,-0.20583891529273046,-3.480272730152553,-6.0963593985758955,-7.848865368765609,-9.156404403196792,-9.36269642753263,-8.489658216414393,-6.768465461422551,-4.395587850005704,-3.2935723441207365,-5.346168640183425,-8.169405288062546,-8.718366689038987,-6.448695402613418,-1.025253567250303,5.811400037365853,10.956791681321363,12.290220708878088,9.558091865610969,5.991863902331119,3.9234196903676377,3.432373632478397,4.2678212482389455,4.597409984454778,3.97901262801833,4.440650882482981,7.458888786634097,11.020465240377355,11.208850101821723,8.68229319033308,6.830064046120292,6.668823583308615,6.691869659751317,5.308749500512311,4.034326021500582,5.182214667497133,8.338547307788879,9.589626859362669,5.992704995330314,1.333368168254328,0.2698710766423895,2.520185514318573,5.028737793186993,5.954818124641495,6.194534085665075,5.356930123423899,2.6100697760140132,-0.886216222937223,-3.0469050424641804,-2.141433959052619,-0.18393301123027683,-0.1294586471613961,-2.3965655463814413,-5.131456645683915,-5.246541023468744,-3.551623678508774,-2.3303678617291954,-0.5122645347480344,2.9983617671036615,5.762270416664487,4.173069282426297,0.6409294308956808,-0.9248212738734098,-2.3611551395383295,-5.032904911669601,-7.585045268777543,-8.293067719912443,-6.58086795453597,-3.771944055215952,-1.4247249430654059,-1.5433560807768387,-3.6148711368215514,-5.19116124869298,-5.0823262134471205,-2.632572532151089,-0.8826018357887655,-2.203014614211063,-3.337443812996442,-2.152524984669421,-0.44112759004364666,-0.15880991537955502,0.4651412232123766,2.6022652264546906,3.075356053098055,0.6478444790984721,-1.7595784802162857,-0.056678825393984944,5.071818769565836,8.139150000845081,6.1714247119862184,0.5926473502269141,-2.42588477864848,0.8041299421927928,5.58150695186837,6.162730175645101,1.5887189787853213,-2.463037088287738,-1.692769908575979,0.4918776394331523,1.022565019961668,-0.001465359808643818,-0.870251074435842,-0.8639414866298702,-1.3161390028781916,-1.5067408012020174,-0.5493759565979044,0.6702305237722506,0.2544240628238619,-1.6589481095081329,-1.8172642991722228,-0.9477659909382403,-1.5918497025524232,-2.7350582216410775,-1.8831977785489258,2.3898357577692124,6.599986830498871,6.4082722607957265,2.781570104150422,-0.2958262015352009,-0.35872307693132655,1.5017879509851007,3.6643376498411726,4.153971876658865,2.421388955168907,0.9462096679597138,-0.3481261361617314,-1.829660581207584,-3.400756527279775,-5.405298258374598,-5.525576639266909,-3.40058847712511,-0.3146123685791915,1.8755763739331321,0.2050527242103506,-4.6897870454569315,-9.36174072769749,-9.522630056089591,-5.675736498801632,-3.397327699496236,-3.668299661021739,-4.372399644657251,-4.330599142347261,-4.003045131833142,-4.114257925963486,-3.607170222700141,-3.853939085878083,-6.502880554810515,-10.083773486478965,-11.698648624852547,-9.378114780386376,-5.188093704268702,-1.4986041587819159,-0.19096309335664863,-2.3656464294031654,-4.717561910086497,-4.899448042305536,-3.415676848697439,-3.00875903943036,-6.482000817645434,-10.950284206660228,-13.040456279318123,-12.608984174816179,-10.718486812866887,-7.952596086861275,-4.289404876544141,-1.45489366082771,0.9087595138479969,3.2634080829960146,3.819322628329063,3.6314575283125867,3.6874522322517205,3.2350593678978115,0.6289090053282527,-4.601463736522268,-9.38152711417207,-11.316898849565135,-9.41059126015594,-6.076566694617018,-4.957592689256461,-4.590259959923333,-3.1228767765589147,0.00047201494132664834,3.4094889778794126,4.604246868546216,4.891161185331589,5.304359572811686,5.75667186073356,6.174619378427007,5.994462710091785,5.597689922320688,4.490529795578304,3.8385977763304986,5.056552001207262,6.483132867097266,6.977599804332879,6.818881418200272,7.742968787068456,9.308112902594464,9.528105465633283,9.319843656478074,8.95644305519265,8.620177444578884,7.75243052727793,5.8126149605955515,5.965363541040334,8.473321600060297,10.230727181928833,10.061491993648637,10.121368082076552,12.899157595934671,15.981391762625593,16.338596852011527,13.07062074076628,7.556590531793768,3.850553375099878,2.5144202219651373,2.094725040431184,2.15854430885382,1.9408679750028117,1.1541189339937858,-0.6171786705827245,-2.001088648913054,-1.3649117910388853,1.3226742419426394,5.725362304830519,8.7772601185519,7.452505682005558,2.019628240859241,-3.5580184159635344,-4.679368004642111,-2.1514977092570113,0.6516237045822493,1.3772824968356367,1.033446945138957,2.025103986928471,1.631400032834577,-1.0526870984226058,-1.7243364582870662,1.0505199633473392,3.814233955696608,3.2294427250182007,1.2009204330728878,-0.41517738468363685,-2.818564426911511,-5.4476898276769425,-6.895209118962399,-5.827097002123029,-2.6697157855630227,0.4926963211047868,2.624747808671975,2.3786397909458197,0.15959687064461292,-1.7074967185009529,-1.541989280974546,0.35513266682839095,1.4464817855707808,1.5912508304439328,2.4355571440275487,4.141548713425246,4.750160334547024,1.5134889503871634,-3.6585178670444463,-6.7158853095316955,-6.776818148912328,-5.800173733434824,-6.7909219406514545,-8.966401870059816,-8.560559601555376,-5.08073082557633,-2.7856455679704926,-4.010141830553421,-3.809107276718376,0.9405368252552884,6.401890231361493,8.24056587247561,4.9885164587107536,-0.780045445127902,-4.979034780146163,-4.999754715564432,-1.3372970521843826,2.328936083867447,3.924304269819949,2.5240726107838842,-0.7986087616834894,-2.209766249188979,-1.6642213518485978,-0.5930710136045656,1.2861290987643983,3.3980531754356393,4.263573476423499,2.731054612208209,-0.20914877190304537,-3.835083456309775,-7.573955259889679,-8.519875910818287,-5.181680567556185,0.7247327528457177,5.617461198363756,6.855914577682078,4.299593443652674,-0.026749083111169192,-2.220759612587357,-1.282617987820628,0.6031066416738424,1.314319546289168,-0.5409111290721498,-4.048452389975079,-8.151526410693798,-10.873386031155757,-9.32485305151881,-5.189950571150064,-2.286600477270425,-2.2949408702367577,-3.4598675821196085,-2.816658050286538,-1.1063671859662971,-0.8923883442914411,-4.219601164866273,-10.174948674138191,-14.12923050939431,-14.067380834165089,-11.219670275822846,-7.065639648229641,-3.866657323096595,-3.776573636793678,-5.9353462577288,-6.798165245396411,-5.238567439901535,-3.4349821605784454,-3.5429166588631906,-5.317350205851157,-6.261250588649991,-6.225465937794511,-6.640919479534049,-6.536820829641555,-4.838339944865805,-2.158051725534662,0.05538020289134371,1.3886224160449447,2.2110946084704333,2.1633116360379727,1.7641775273975084,1.9759729533531507,3.068992030479902,4.047454639424089,2.9339174217955133,0.2240881159498853,-2.1034988921490676,-3.488837291827225,-3.6949296842444213,-2.2243591897659662,-0.09476331117816139,0.2336199489319153,-0.9765775961908578,-1.404303619046706,-0.9234257937344514,-0.29108181396909405,0.10021594430604885,-0.5568892436760295,-2.1442132011171995,-2.252237677136369,0.7352485969031779,4.582453485113471,6.616249911804089,5.357605817711692,1.1650355030485757,-1.7017412010141246,-0.4195064097603276,3.5679851896776213,8.631205167337196,13.03280146463474,14.200086084683543,12.290124837824058,11.18765862717207,12.638323273736509,13.646144235466345,10.982624952088313,5.060711747214096
2,-0.6900551352465385,-2.1573606152141878,-6.613243868240829,-10.351754469111711,-10.52577964039964,-7.372688354984568,-5.204523830794649,-7.730163002999451,-11.95276426641297,-13.732578809276237,-13.772413775946546,-13.777227338571535,-14.978660659218619,-17.15754385144183,-16.007526928884765,-8.533181931368205,-1.1125663008515474,-2.436537374048978,-8.256016823392017,-7.5103607469104325,0.16887407810196464,4.8559773783057665,-0.1280806854359895,-9.20221235055535,-13.80041214966338,-14.173926992264441,-14.718618038919239,-17.025041855087615,-18.25948953350502,-16.502416591286313,-15.337111169834849,-18.103670052526034,-23.40544525504597,-24.91908468138529,-17.741311947455852,-7.779123568762056,-6.080213748733792,-12.653399884852291,-13.951488740080062,-4.372890332555884,3.3028048178910128,0.24444084676062516,-6.840954684470427,-10.389128106118553,-10.282933592230489,-8.083360593792838,-5.807349413991444,-7.123246590920169,-10.143695020028515,-10.080193727500141,-8.320433615994085,-7.826832454219379,-7.978098976545433,-5.9405092859367645,-0.6544979088855678,3.185617237048774,-0.5319311411542547,-9.683507080580641,-14.613933059495963,-11.608246259007267,-6.116741976366114,-2.4588769058157496,-0.6319101276769885,1.0886982384693802,3.492211587796257,4.092371381366554,0.7427698411508228,-4.120127653492208,-5.24587577455295,-0.3999737391880771,6.299528844340614,8.698208361860413,5.6758483841433645,2.1214500059208206,1.7242760974071416,2.9551393242553488,2.0683294154816636,-2.5373926334509633,-6.455633727632197,-4.746074493774405,-0.2166373882140462,0.7562745856374811,-3.495916492626378,-8.119500078269269,-7.866458427317934,-3.5080038270563563,0.42803558775463557,1.1781219044985392,0.014878677196826118,-1.4161064955570026,-2.9164378264664634,-3.303407994508639,-2.9092364356781744,-2.7135130188745222,-1.8750548300979872,-0.4969522379256901,-0.33422711605859234,-3.1384768484531875,-6.121956821015679,-2.8989716721784546,6.674672196909739,15.35596218584687,17.99080209823311,15.923265436576756,14.026186376210127,17.1713666935334,24.026400552930028,26.0815613457915,20.86834496499354,16.4829564264097,18.041465189625292,20.994635362943264,19.84200312972927,14.809764082968513,8.01873803846778,2.2273617309064377,2.401312855600196,10.776239883316123,22.40756122953779,27.380591248389248,21.21937865949316,11.873188301423049,8.134646671875814,7.745505687890379,3.375794885337889,-3.5370335180939776,-1.9368531321222804,10.509848356660342,20.24662949759196,16.480651722261115,6.5086768639294235,5.019324295808666,13.213614555436259,20.75789640296277,20.86061505783359,13.758423779724469,7.275504552989503,9.550945675293928,14.029213801665847,7.603645879114446,-6.900849730986263,-13.775292172352978,-7.634086404174594,0.645719697746582,1.142866002596369,-2.8804811348813253,-2.737711722880359,2.57904937577071,6.626927375179427,4.4518499388975705,-2.9517786350463098,-9.095152657731091,-8.96077515994114,-6.277727146085432,-7.90246028761921,-12.776345248910133,-13.225952146660191,-6.984093298773612,-1.11416182005987,-2.39619782722362,-7.8986608612026785,-10.070758291064756,-7.305834987854052,-3.6338277461224635,-2.7730332599987797,-3.8736610752355745,-3.0076914345673345,0.8894774882999954,4.659425334135804,6.227576622902024,7.499020124080161,8.082682048047673,5.085006433691078,1.103110220055754,0.05641524440553525,0.41208821770297277,-1.549781404724591,-7.778560330618475,-15.830002313030064,-20.126983454586117,-18.407398500325726,-14.442331862858893,-11.809674619546929,-8.68055024336411,-3.353236769445509,0.22498345375154116,-3.316722583343612,-12.613143024073157,-19.21646089120678,-16.752941472543423,-7.603586601474063,-1.0145983627738033,-3.202120180821238,-9.918396625677374,-13.88980151674434,-14.357000815070354,-14.43711442924358,-15.534132951182649,-16.61388871861785,-15.257664408112792,-9.732914350867997,-2.630286525211007,-0.2958961310215571,-3.487214846356313,-5.327352391037485,-2.609263892439877,0.8799102571603106,1.136417035644289,-1.3982845992935147,-2.8830888383181446,-2.055673417143666,-3.22047670225032,-9.805382857660655,-16.82319176944697,-16.35579617008239,-8.88700162377894,-1.3465601191805838,3.210809945868771,6.038126172480975,6.8214086979169295,3.925646861049824,-2.1292701046868032,-7.13490543130893,-6.897879379677636,-2.342579408008227,2.37487269494898,2.6910353965770213,-3.867990185583568,-13.2429574850332,-17.803619555165405,-15.212939902236627,-10.425147438258485,-6.47116150145254,-0.7252057341514426,5.272421928749315,7.400334213745541,7.518477288260481,5.858637996077196,-0.8278405243763807,-8.56741564949142,-10.24064805524623,-6.881438521558213,-3.2794358981178497,-0.3207341894667266,2.1446918723769564,3.145028470705034,2.1730177761520366,0.29556663740813605,-0.5247877733232968,0.12807719088706904,0.43360443196639764,-2.771315291507591,-9.39125590554608,-13.944215805943342,-12.25084946528898,-5.697289840653788,1.2918381786054525,5.921847479707274,8.783518991188227,10.638024037552352,10.451037050521206,7.2864408292552945,3.9332463921673853,4.616304589963814,9.102261711501278,14.93950585465939,19.08269009274813,19.2755194765844,19.57379377448454,24.37827895358,30.513428334174037,33.02806926356792,31.252915242903118,27.397017949201192,24.509916098366645,24.4257495436867,25.235303959068762,25.463795747101567,26.131450805367365,24.71575712827096,19.627546414638328,15.335831299192598,15.332246626680284,19.035365044662512,22.53593921840225,21.67530356122452,18.282860499989912,17.530848132122262,19.32456866271787,18.235716575981115,11.114037917267005,2.902297129397148,3.291489654647787,12.893973364959876,20.08355461660454,17.566893584224353,11.469884392438415,10.911626652733105,14.623278294194721,12.901654923983166,2.6278777168414695,-7.620306899321378,-9.341987771925815,-5.62533547350617,-5.13176498537419,-6.735485833910968,-2.22097311339585,7.0899215713707004,10.60183955662472,4.253859758628604,-5.695342859235613,-10.239993238494797,-3.429016017970339,9.330236608565404,12.988370691230184,1.8723411930816454,-12.563689063539542,-17.2863504956824,-12.55955377134952,-6.486320718038186,-4.38453589019873,-7.373269242044195,-12.0258942059039,-14.425041858900165,-14.640926881497919,-13.76859012821269,-12.436652938830505,-10.947075188694178,-9.923774479554687,-10.596394269689384,-11.880852552984571,-10.469347777146169,-5.259063352873174,0.009850214143931169,1.9408950984692552,3.0037854107476036,6.06732738845551,8.349579106725479,5.816853661066759,1.2260402426691357,-0.17132081376297137,0.3815702252916111,-0.24823226012023625,-2.5204910799982585,-4.365619494265623,-3.7648382408691177,-3.8860816878302344,-6.908762533240825,-9.589529541997614,-8.811579391164237,-5.094962601249815,-2.2629771992206216,-2.680689106772803,-6.478389357775548,-11.520600859052095,-12.19859837189283,-8.125394547050227,-6.355387086916599,-9.818179758339724,-13.056455480611604,-11.40377114801862,-8.291152096763383,-9.738533255012307,-15.037753974069346,-16.33181281797827,-9.326103868265768,-0.5585467677020937,1.7887041520174636,-2.962396344715124,-9.24589230942171,-10.228653801516842,-6.0145779157635575,-3.539797374197205,-5.403166714407025,-6.008607988260792,-1.5707721189132222,1.9957794447637527,-1.8355989128909513,-11.425689997943184,-20.322824704290458,-22.866821521216366,-20.41535001434535,-18.2412393603745,-16.432764937191237,-12.755080963021825,-8.334967550700327,-6.21746740765737,-7.66838738700492,-10.073732567529573,-8.85903995871135,-3.787782290455846,-1.41193943777124,-6.118623300688366,-13.103542304709626,-15.155646423998821,-13.170122435707864,-13.968576224166782,-18.671863823603754,-22.671692645790134,-22.410046284327986,-17.106352763197982,-11.831239796249655,-13.40425021965233,-19.73876427516329,-22.3220918764451,-17.735181656974177,-11.188326019388171,-8.1020638576619,-6.8787364908895015,-3.567677374321377,1.0553082248018448,3.2426646909558485,2.878825006132068,1.4936842500973597,-1.4535642297423408,-4.508750101771518,-5.08610452023882,-4.075528386630406,-3.716184423326368,-3.3333355370477875,-1.0433065511454167,2.1495364031637365,3.5371049854385426,2.541634177924159,1.9024924953841307,3.2351375015872925,4.812701721847368,7.618308914280245,13.067768324788908,17.408812597145783,18.365189946904167,17.72447589673699,17.103505197596295,18.17671730836328,23.116230192199545,30.48330781756801,33.45178335629281,28.936723274031664,23.523885439533387,22.404715595241882,20.986734096167112,15.095548506380524,9.470489236413071,9.033550279662052,12.04893950028324,15.405155524373065,19.248434677887772,24.39171733857947,27.41373574519298,23.98711704309791,14.574180342084519,5.501105562351157,5.931303988407047,15.464703332386254,22.505385969351885,20.299023829735194,14.105697161989397,13.5771155075952,20.33215971531979,25.913147520247694,22.976402162642117,14.067612402870434,8.633808354367634,8.994971879803696,7.338726742740018,-0.0376078128982158,-6.937239597797928,-5.462393357037616,3.7565422919836315,11.255222540656682,9.829844338657674,3.8197622423631525,2.7180645331951965,4.738379704417708,0.5531850821139095,-8.391388993059955,-11.719723557689973,-5.752141596205229,2.802998427841638,7.056056819190275,6.137704497242684,3.3159786005415235,1.8731793144174453,0.7517724145665152,-1.887189097779391,-5.198640944467849,-7.449537307532548,-6.435716783468489,-3.4068784707572775,-3.4148166838280147,-7.907361295885231,-11.87112026586773,-9.395731181063574,-3.174047666416808,-1.5538612986620493,-3.6196342076054044,-1.612651088477243,3.384545007155946,3.3024466202004135,-2.248192190962463,-6.848017315231008,-8.078022795576274,-6.534227836508956,-3.9804459899954736,-3.9062003231640787,-7.20778865709832,-11.594264194955755,-13.27995224259182,-11.511082580371102,-10.675039105726256,-11.783026773406505,-10.832256545927976,-8.13660858091918,-8.239029782845854,-10.633251706282408,-11.754653809037862,-11.678624933647498,-11.109692032352372,-9.005428838138386,-4.368410250182613,-1.6320782343950029,-8.64858054018724,-21.40111007052318,-27.631443955898163,-24.66281472425794,-18.399541586820423,-13.235352949057713,-9.315049791764334,-6.382364479154795,-5.941583342238268,-7.922797017051813,-9.630773988786387,-10.682611738718073,-13.6032867670122,-15.805143921977795,-11.77449484805702,-4.918340874997384,-3.93545377660568,-9.207942441371245,-11.956142549129446,-7.399912381994994,-1.3341369845615318,0.06421016946796954,-2.2449165000732094,-2.7607616383547757,2.57426904567345,8.980180601534023,7.574300592344713,-0.7416520833387112,-5.879142089269184,-2.3465723859014034,3.9879715199441312,3.16408911015559,-6.7360216598499845,-15.609645707072172,-13.755512015649071,-4.9275870401045,0.10415313653545866,-2.4551800705015694,-5.863969976390722,-3.444991673532403,2.2331586625955424,5.689469196910061,5.826566493852722,4.8050433297812205,4.566897480112235,5.651745809862412,6.016344194082773,1.6078940399120754,-4.454464995144093,-4.842258718835986,-2.5611293107259065,-4.876431994381587,-10.325266252193687,-11.855848203503427,-8.088705862942819,-5.312967740851917,-5.738542865280124,-4.753262397398203,-1.6064277457242895,-0.7402790920589126,-2.7605054469628882,-4.189882905835994,-5.070170907361806,-6.766660764730297,-7.553124714104962,-6.571093342051164,-5.0586168437176084,-2.7295152883552944,2.791335020041352,9.05935870659152,8.337190284637714,1.0999272045990054,-3.821435604619193,-2.7912662609891683,1.0241641115638558,3.653761444294581,4.076297299403965,5.111633853733885,8.454363542460491,11.475735848511093,12.055094542340733,9.2970170264139,1.6674450164754475,-6.150505516332672,-4.133495552553363,9.307475088289088,24.29190674840563,30.352195560883636,27.464003031698198,24.382186761913378,25.49974399161303,26.38390556014365,22.46926464677525,16.007308312334487,11.797437329517063,11.114142320920593,13.136291290993476,16.563042659923525,19.334245858543717,19.222197387868952,15.284363932809335,10.907423777821762,10.497609829988615,10.71920364398391,3.8205385057393855,-7.1145189786443765,-8.851372315287634,0.7756144323628469,9.602704722699961,8.101128507526424,-2.2654554769459594,-9.73914696439385,-5.580845988474341,3.138595771570575,6.400503602491336,5.423885153245198,6.7523610123063,11.480308194140612,12.335372510816793,4.094169364921267,-5.755717412973855,-6.370977502384326,2.447564810519376,10.766267897944438,8.72747138275673,-0.6236141734441532,-3.576707158007654,5.131845456186438,14.314256246590087,10.504264827982798,-2.921977735748392,-10.658529998345657,-8.296457763895521,-4.372741578247329,-4.925338233769679,-7.08488773778349,-4.618690611576042,2.9409041148927315,8.289920142901323,4.713793221210345,-3.901562839295238,-6.719182423779422,-1.439970711715283,4.351811096110339,6.189002536207113,5.800801541723473,4.949096099910278,3.1710934108470035,0.651936961716487,-0.31937998158647574,0.7367071690764178,0.9175739109290788,-2.0215187404825343,-6.500601865954664,-7.475329079977229,-2.389019988787652,2.3147517361162784,-0.29425834631971526,-4.697309661262366,-3.054591608113803,0.7745568785842138,-0.07066194099105161,-4.778575014121746,-8.593180928532767,-9.402868238584784,-8.160867259590304,-7.170750631189236,-7.640152735128961,-6.216450630050211,0.21187264701516284,6.807568879906157,5.257356808831993,-4.667708923564156,-12.689910489995203,-10.090328764693444,-1.145994020934383,1.5139587316646086,-5.8224137555108495,-11.67684909415708,-6.932100067920576,2.695068448849285,6.898170957328306,3.3818955117636875,-2.2496555013959894,-4.991235527195472,-4.515308180477369,-2.3257196518160397,-0.6297429347926871,-1.1182117804792768,-2.9414276926205964,-5.63911047397041,-8.872902051072892,-9.309877809287984,-5.965738001163009,-2.999674589364944,-3.373826294562322,-6.09387054201217,-7.897060280539254,-6.702055629239979,-5.174576539617812,-6.487172800126981,-9.552595320498602,-11.853420580130592,-11.749532896707858,-9.277590985795792,-6.171349751754118,-4.394909153672534,-6.157770539097152,-11.06681466344935,-13.84880545351751,-10.539238155446466,-5.370456268255512,-5.5968846698015415,-9.949466661956464,-10.636346991802046,-5.0096579416685465,0.9728734510746264,0.2582864366994819,-5.341921031565725,-8.195882764752124,-6.0866601634863,-2.9656048985587766,-3.2465519381236216,-6.326494065826449,-6.159155605423676,-2.2394047128770467,-1.0598325977253111,-3.3984105224849586,-5.1519098261224485,-4.182911935527713,-0.07261909908815767,4.295229180693902,5.166966675304948,2.6808083730997154,-0.8719484514274711,-4.171119513851561,-6.434510897935738,-5.717318091101021,-2.942446780961987,-2.484728727863928,-4.2289058469277165,-4.542170942580043,-2.5877478188979026,-0.5662860285239653,-0.39361038876048937,-0.5411529177461745,-0.4115040732286772,-3.2391592501151543,-7.727685615785635,-8.12114041766434,-4.930716463573976,-3.155011482302257,-2.86711754521745,-1.9056071972062512,-1.6550106280641828,-2.962839913509697,-4.204778068935688,-3.9222282170425444,-2.4992792661972487,-2.93770607791188,-6.071547281171927,-9.275295551285986,-10.664638667072737,-7.9170567471452955,0.7232007487684928,11.0863989221119,16.829304911507943,18.090716629923698,18.77953565407165,20.715443295719403,24.807118044920507,29.339333972756002,29.2482857692166,22.73264691598527,14.49090192983007,10.70994112353003,13.538216936663723,19.35523409008437,20.71905649348834,15.327484586614013,9.503123344632453,8.620518502794695,13.144574436084046,18.91766102599754,17.962269435398838,9.704942834023448,4.501139034910501,9.220052642068875,17.358995847908126,17.615684277578843,8.793264134637793,0.8538564174215448,2.611729130039812,11.11634950626644,14.135987191474845,6.473798183839261,-1.6528043769862322,0.9277459067844944,10.482781196842465,14.39807573939088,7.74950839974478,-1.6907039571179148,-3.2470354345127603,1.6388435631263079,2.068051751670236,-3.4931024641612716,-6.32177727863607,-1.6921161170267318,6.148613503076554,10.04170535606541,8.797847631186727,8.02175486442961,11.104062115870171,13.540128999708969,10.552724828641708,5.269166875036653,2.5338686392882863,3.339250735610321,6.824454481985875,9.593119676922122,8.382307457725098,4.568555641370409,2.2567886290282004,3.647639053629156,7.187615656170387,10.372006383302683,11.728150242551308,10.191120858103751,6.163430896448638,2.6285171998705152,2.3271997416625716,4.015226557320354,3.5225955097096993,-0.7249339085403506,-4.0203822698645055,-2.598321982141119,-1.7479870757617775,-5.923040933681037,-9.252934450755575,-6.310172521698938,-1.4454114920790246,-0.723962339509562,-3.910939319585408,-8.80600270029094,-14.000868328761989,-16.573684343650438,-15.210684159332075,-11.815408204847795,-8.430848096037977,-5.406955621407889,-2.1550914300416757,-0.7708398550599256,-3.6687434019952576,-7.424098910787762,-6.630403420551538,-2.1810205403616116,0.33309443120150917,-1.4160204340754987,-4.579151606613586,-4.855865766697075,-2.533737166405267,-3.798546239020837,-10.934497389527142,-17.862472465062552,-18.245014439817346,-12.147680629094744,-6.698018199944769,-7.790332123327529,-10.862054384683024,-9.88292301565577,-8.108988897001584,-8.70446969054796,-7.939264946722452,-3.6541135940309557,2.0236655965295824,6.18206222108861,5.0108111558207735,-2.9486087134943055,-12.347906696000337,-15.139878251415581,-9.990193199009674,-3.504538133048195,-1.7796996375410714,-5.984525496346027,-11.80409994381367,-12.852348574218384,-9.608901546324654,-8.125113660821892,-10.932280814845065,-14.60844001789027,-14.889902116260796,-13.732106595187737,-17.02492952365572,-25.117222715637798,-30.476421157475666,-25.47493064015814,-12.019872229893778,-0.5319038229013557,2.1917264461183166,-0.9768174973673922,-4.992127193702679,-8.221984907677008,-9.800634198922893,-8.630257987462826,-5.112171607364701,-2.4362464465868072,-2.963926716502293,-5.043968732999273,-7.1947849841961435,-7.1462730517299775,-1.5263880864357038,5.899331667206603,6.4929426912194135,-0.6507373087452848,-6.142933295188421,-3.6570402671088935,1.1281882838953692,1.0078405132536723,-4.470066305931368,-11.783092261534591,-16.272427179407508,-16.02092712980668,-12.274006412577648,-7.191955121068329,-4.066444290069036,-5.171996502095883,-8.88766145297702,-10.624926588885089,-7.796100873052875,-3.319009381906241,-2.291464354677,-6.104331727810894,-10.307390833512748,-10.523392228198649,-7.710741857460128,-4.963603043283964,-3.250111779644108,-0.7098340470497568,3.510613589516101,7.586252783004014,9.540680460892823,8.453906525275215,6.672595006569999,7.387536724582816,8.862526659516536,7.134910422412538,1.493711525055481,-3.971799149809968,-4.595857350775326,-1.7767775024421084,0.9919576198265787,5.1917687632108525,11.577671113693956,14.759426755864993,12.347412136764312,9.661590545469128,10.725530802120385,14.974462427455002,19.684657396725576,22.140923272104445,23.853310157311107,28.567829298769574,35.59119322336863,40.199053652345064,39.84646717239016,35.03098496517286,29.024338597020225,27.580508308879118,29.883535811150317,29.763129820703845,27.19304130224126,25.462982163826837,25.223570583879916,26.520089395734214,28.48914385650815,27.48035415421868,21.484008659713695,14.490726132010233,10.656219659314925
3,6.401027597588126,2.95711463904383,-0.524906386633047,-2.204276109187946,-3.4634250423736392,-4.376888841444837,-4.0861497678330725,-3.4084825266978873,-3.857190154767732,-6.598902785789946,-10.789214282102282,-12.925442904208104,-11.338183372763664,-8.568469340575838,-6.983395544504923,-5.603009026043754,-3.544288404431505,-2.1041020828373753,-1.2136721704838145,0.8696581931028717,4.238039710263289,6.388390476828281,4.434387261812635,-0.6717452236027857,-5.3608945280996,-7.75024197103018,-7.237641634521317,-4.377403041202829,-1.1098703390928613,0.17480216276999627,-1.8722312808194523,-5.868489243589247,-9.234797895847857,-9.267191493561485,-4.779000733245508,0.3665044989198636,0.8161985778768379,-2.1292364353395046,-1.102144603761106,5.45441535553465,9.960007763713715,8.86375752568211,6.9631739905290715,6.863277162872654,5.830284106623093,3.2078997490169217,1.2229064274136547,0.2136713940642494,-0.009245809699422125,0.3193545846499859,0.1809720920540867,0.46145074985612666,2.175358609877785,4.047106347353599,4.726669674458211,3.9580313729188967,2.0702182754535237,0.21420522726171853,-0.20757923195282224,0.7521196727592638,2.522553139303076,5.352623871036636,8.59095742409293,10.888397156313987,11.714841151737843,10.800438538532756,8.610061340349695,6.725933904816298,6.61829279299773,8.44210630357316,10.36780634586898,9.96871528745202,7.371091289210032,5.410784393298977,5.2996231120182955,5.5791944037652,4.646843831988054,1.6067513941937968,-1.8981345464139672,-2.604937791353372,-0.45919083083892787,1.229732700677376,0.05366063102132301,-2.337698090678902,-2.4127047439659073,0.5237826821086031,4.4082237084750915,6.596001043098465,5.475546597351129,1.6093261703387531,-2.5536760173041735,-4.564232968765394,-4.972196274243272,-5.147555476006627,-4.662529671960016,-3.946319408202701,-4.383960360727123,-6.463880103708465,-8.696447604782854,-8.38028201094751,-5.346853458347962,-1.983400686354842,0.006724897258253648,-0.3817122995815012,-2.7440246476571746,-3.4889346046009475,-0.7926048542557673,1.0423759363727836,-0.996060774234941,-3.001200149462271,-1.914561754023386,-0.9299165187264489,-3.3469782077537813,-7.690524706716543,-10.850956248970448,-11.640207992653192,-10.276246624431174,-6.428185835686482,0.11964851890312822,5.886854415095672,5.699931265497257,-0.1881061204020007,-6.916664537336274,-10.8562195596981,-11.358379664561449,-9.089198155474277,-4.547729610101388,-0.04903822723261264,1.6164144603094286,1.5464992525350025,2.5061629477223004,4.508546056710166,5.23569980450426,4.827895773823894,5.779610014541779,6.748251269778068,5.358845230271678,3.222302225332733,0.9500693312243236,-3.0403883849458477,-7.387835606323097,-8.99289596710705,-7.902601053484153,-6.227728096911559,-4.211708529459546,-1.448539821836384,0.6146396268973842,0.2689753682777427,-1.782094167948836,-3.3018539184664135,-4.223075120190078,-5.815748869321352,-7.3456109831315,-7.7217771682183525,-7.858041494440474,-8.364498723115513,-7.640101886545125,-4.8467810729633936,-2.223269082380849,-2.4090441468961536,-4.391154266554987,-5.024889354570716,-3.274685997314422,-0.31251113150239807,1.905696476907111,2.737271084822991,3.796388530464781,6.309724637567886,9.142187743552064,10.82453510748938,11.614145433120106,11.692646002649855,11.026836794160056,10.696257363259987,10.677710696845184,9.386047953253785,6.03680604810996,0.6695208794725378,-5.933822228618912,-11.122492559474704,-11.806072084746473,-7.966625574780714,-2.7625279628651103,1.0017302710734883,2.3808774217915625,1.183574029361247,-2.397404746318666,-6.584997759222732,-8.860932872998102,-8.16883930400076,-4.867173081330611,-0.9038498610297179,0.9759251041576791,-0.39020827461898655,-4.628892175850702,-9.94889311982536,-12.780826508947811,-11.692463071232886,-9.861014220220941,-9.754950555463259,-9.267799261611103,-6.09071484668808,-2.2868831270609222,-0.8347551953835239,-1.3391463949718094,-1.6013508080424987,-0.3410138444650661,1.2311100548377834,1.8074439830943003,2.2671007184315126,2.617875527885615,1.0132316859536896,-3.1711921444150626,-7.57419004479228,-9.060174043224034,-6.764571775368452,-1.457484510295119,4.989902423312326,8.682668589828918,7.1723778422283235,2.8002863139337375,-0.11604884012329197,1.208690333285924,5.665610399760179,8.854409157720719,8.71887515001793,6.870922296004872,4.264220529539173,0.5752293980780459,-3.345466120335976,-5.650029096883893,-5.335772473018005,-1.9230606402979795,3.809321386346056,7.51628126953185,6.7028208147565955,5.312907878078296,5.253549975228731,3.167687293674849,-0.8246742478313092,-2.565150984988726,-1.0786013712805493,1.0447539932408816,1.6745981699585037,0.5642914780607597,-0.7950071686491391,-0.8101792193234623,0.6060603005402214,2.5217014860699685,3.8015797830631417,3.2816000998205013,0.358158331419153,-3.2771793207361437,-4.936505644381647,-4.194032980662988,-2.0033731466869824,1.0891470439748945,4.587217648764042,7.772652642165166,9.636299751342193,9.178517141292758,6.906659656098348,5.5643188309014135,6.961870884918055,9.502319813831324,10.925642821295225,10.005402123473603,7.132988080081603,5.414745889781937,6.694214690910323,8.949786247460526,10.3522866457685,11.023999366573284,11.358140633994992,11.622402334012685,11.444931667316679,9.486365529759182,6.789113878424355,6.593914868554322,7.671895848921149,6.324312823595852,2.881015142759056,0.6173715046883563,2.6943640534931,8.296669937724861,12.4274325559576,12.32460615242249,9.435496217004177,6.324637082306632,5.2022637747001585,5.515745556328898,4.21670927555688,1.7584020209163143,2.2048718226748387,6.916379878915681,12.38738389187151,13.792823498506252,10.273187813531214,5.496328017201185,2.571642739011585,1.1355452776516337,-0.6513783582680865,-3.517558768081239,-6.441026197219438,-7.0203584748875585,-3.215009264432908,2.8941854054841993,5.5238009352654025,2.754915273185528,-0.8131179617863307,-1.358488128258223,1.1327866993542273,5.986869388988696,10.25170211461726,8.800744492849391,1.032334236275807,-7.467835403710167,-11.416151611028774,-10.494945462971096,-7.083675438885816,-3.9961239464209957,-3.7659939345693125,-6.105267085852082,-8.803215666264741,-9.86117951584631,-8.436113087717404,-6.1940267139869825,-4.8298064683219515,-4.377714111099658,-4.71334162963352,-5.378033205019095,-4.843755048935691,-1.6500910028816458,2.7194264579483054,5.149022462802988,5.7425484025745615,6.808023360035229,8.153455773670736,7.493676716759078,5.2115030045360715,3.251693759748484,1.2844995389624692,-1.0025718745201981,-3.3097140393679307,-5.423108055032127,-6.927334838669648,-8.172593856027397,-8.171150417867667,-5.984926714323766,-4.0851654018854235,-4.892914016653237,-6.699303996921068,-5.924704471285731,-3.684753979788324,-4.241996838010685,-6.9612055289415675,-8.296763684653323,-8.0897923739911,-8.197030897547762,-8.849851642265115,-8.785606828002901,-7.637737360397438,-7.003649257208149,-7.795916291726499,-7.770345213374082,-4.898196773343501,-0.732042482697099,1.949975813357017,1.2632568512179718,-2.306627178892203,-4.547446474588096,-2.607051623871634,0.8758338911019705,2.6058863932481895,3.218352374924762,4.3255892037253485,3.8923900144711627,-0.8008321024712504,-8.012121869837458,-13.240788541100112,-13.810266137742591,-10.93463268922396,-6.726062738703101,-2.1758736721565137,0.27409525858365047,-0.8197260556791353,-2.4647267660446355,-1.6480504601185837,0.8679788285453274,3.2507732534683917,4.834145158073881,4.600617910491124,1.8547817552894301,-1.6705380470592401,-3.9282966023849903,-5.304387081436411,-6.8086781092228765,-7.999224214078915,-8.993972099950007,-10.292909419654308,-10.614722831437374,-10.02789618923742,-10.794679502358923,-12.514802896411267,-12.1494627631597,-8.774880234772564,-5.011902784756484,-2.9573017112517554,-1.2976898230016056,1.4024983443117325,3.739829074014584,3.690376798742478,1.7434835002405187,-0.7289257762549441,-3.350361513022346,-4.763638206673246,-3.7359585444483496,-1.8620599668831606,-0.9570761173812761,0.20184187455546443,3.4945374390048745,7.864616472962995,10.597549001669854,10.422659750693683,8.101354808580831,4.975310695564426,2.3257335537551924,2.6817720408366714,6.8909888578510365,11.039947203533979,11.785000206281502,9.967682199798855,8.436717745177043,9.57501314358865,12.92076243845289,15.217089220338622,13.260183552820234,7.782858929451892,3.9468601389445492,3.8825273222299415,2.928114393099441,-1.8463254498711805,-6.664249379852579,-7.607567241718995,-4.9730118850676295,-0.8406137696277156,3.1199461574786653,5.696850320570629,5.437461605732082,2.205399036836771,-1.9984167033509896,-4.88992210609334,-4.635427413778905,-1.6234353358570521,1.8943370345740398,4.817615045940434,6.900691409141997,8.034429681201239,8.449280141525145,8.732446971099515,9.098005444578758,8.570702452043687,6.350060856552917,2.4969745158791508,-1.3635242136071701,-2.717516857698053,-1.9997018247990184,-1.4689973875657287,-0.9050875851832032,1.1994191428937069,3.7676392085646473,4.864546024558696,4.68426665184286,2.7987352398519008,-0.7719664573911516,-2.5218249283320056,-0.5749608980744121,2.0658578502022786,2.625222234924653,2.6762850143224384,4.311667639500377,5.829196641999706,4.2464126778710165,-0.1866591832992519,-3.4026074016062573,-3.2415544354816355,-1.9950473183058968,-1.272829716076524,-1.1356643374783388,-2.334543724015054,-4.602591976252796,-5.390042393643164,-2.5285575294338685,1.6333988654590499,2.581770885417324,1.1936386875068772,1.9410071548983847,4.3765579728725745,3.958418976260692,-0.3002734955116608,-5.020487495075885,-6.989377435236305,-4.9980131568428074,-1.549626306546842,-1.3767850343612835,-5.268512766743363,-9.510781222482393,-9.92620847751817,-6.748204227299224,-5.271979898783241,-7.129706039921059,-7.7790937586747,-5.3372300442009095,-3.1805835445630066,-3.968415467333312,-6.9054254778268405,-8.87061445023673,-6.609174268239293,-0.621129420939603,4.609327141936756,3.717465666364415,-5.011062065914281,-14.84362752860224,-17.264177777889664,-12.921057569602489,-8.618575071060746,-7.4376280035347,-6.7166698295138785,-4.347764267108712,-2.59692239219056,-3.8082854978164846,-6.237666211612577,-7.435211586999301,-8.015335339665157,-8.42851134977499,-7.124682503068861,-4.333705143334356,-2.2858422901361397,-1.361050853770104,0.4174768216889184,3.4109571988559573,5.116692482622682,4.9315488586128176,4.819744396356857,5.779097639775113,7.737060666925221,8.985204477166933,7.364101629793659,4.055355710349769,2.3192060867013726,3.7427835657933084,6.386453671690846,6.130560425734409,1.6498090303802382,-2.8913256663049864,-2.695005775229161,1.545765325963251,4.907148743906299,4.434820272354457,2.735839204670737,3.7249592940995013,7.259977861897681,10.96632113869826,13.156787772206659,13.063586179566713,11.073943718792242,9.456096390680415,9.569231404597563,8.598234077930744,5.620719870172777,3.817448038806173,2.800256145924517,-0.02628910466912604,-3.6177190478191212,-5.088171349658292,-4.008110263060762,-2.6269122403429828,-1.3623187297578063,1.0979068496153621,3.161588010028651,2.143496657179128,-0.7821140160098552,-2.143676516510065,-1.7093878913961635,-1.8211314543378427,-2.871007421611683,-3.847021505248226,-3.980161145641988,-1.8679826925694627,3.637501947679149,9.117786336118453,8.039918945685194,0.7954269049689362,-5.408496782538151,-6.613547542831679,-4.317790546089946,-2.033394051560064,-1.3485177038003506,-0.3331493417958544,1.7867047511348977,2.9027320489427906,2.439559897604949,0.9840236245153626,-2.5407422083066127,-7.171970470848087,-8.278393838684735,-3.5127623832060504,4.4890701006566225,10.760785715589982,12.151567725517136,9.874468199050632,6.742584444300344,3.72205439759562,0.46241351802040587,-2.368866140375099,-3.48615101980806,-2.798144641975926,-1.0057322205136616,0.9404029485449779,2.435492890990621,3.757500884013549,4.274029855502964,2.594305410332665,-0.6887125673347843,-4.091074749083874,-7.9411931091683945,-11.87879748631045,-12.909876124668866,-10.386009724654809,-6.682655497154583,-3.832021076339429,-4.252381918640428,-7.364161431260229,-8.972720109228945,-7.879153371774903,-4.764775306315295,0.48563544640028766,5.79350625653934,8.063569308961611,6.738208727316778,4.051221972087707,2.579040826366949,2.070236080100425,1.544714621976396,2.1225635003368923,3.5758915106238343,3.9954274925657263,3.7197995749575377,4.640012628555759,6.531853170902081,6.550618494765314,3.9189649410922454,1.60283361247438,1.156159587856381,1.5048626937353424,1.8429533040133759,2.3171708210867985,3.9158344385389725,6.634665957510937,7.808366610885662,5.063102211818792,0.4268212505371487,-1.6051738090508127,-0.2685993989940654,1.6206235892648113,2.852972199899096,3.856214431226041,3.8642303019853816,1.6526698494243632,-1.5899855209655733,-2.826960795059397,-1.656146132038867,-0.5063915350538606,-0.9100650668614714,-2.638442661504052,-3.8170514168504552,-2.5154781209610837,-0.38054715733815514,-0.10039435639037109,0.3390244594636669,3.1088554861216924,4.794780393000924,2.7744841810720824,-0.12244303267347156,-1.3921493264474112,-2.315203281146082,-3.6073487342199346,-3.89833872389967,-3.2671028695167035,-2.3980515661366866,-0.5886914540574875,1.3961063689445896,0.5830564521514696,-3.678373593889523,-7.511488167154077,-6.8542459864798095,-2.6268906080275336,-0.43862322608392823,-3.2072043802480312,-6.501571323167912,-6.053556119452018,-3.370883773479079,-1.2340581936716806,-0.6993616858132388,-1.9133886135026685,-4.567762121898294,-7.053925153211058,-6.232317348521262,-1.8714950798469294,1.6290287002911281,0.9348577507202274,-3.1758189819878693,-6.485946968610008,-4.789074031432763,-0.06139526840854481,1.8519625173610796,-0.6268937205828684,-4.1244974906501355,-5.373278779036665,-4.801359781744708,-5.053436780137218,-6.322468285239932,-6.36108501462424,-5.079203569595357,-4.704559446404009,-5.633586200980206,-5.508080507837508,-3.061476766437087,-0.8195616899990719,-1.2331452074750437,-2.578178150917015,-1.9558327181938062,-0.13357135504280704,-0.09418814083593063,-1.307172336160964,-0.3639303031278607,3.429627422342285,6.8173428782011785,6.325438667019336,3.167482960938689,1.0062603020814294,0.33724602454033814,0.5822622003517424,1.7645317578386264,3.0438924118098134,4.125011945012753,4.350150281094901,2.9916182944014524,1.7547821881318146,1.583409786033271,1.8454113155051592,2.9152796943617423,4.798337185049231,6.531256543297184,6.855448253089142,4.459691471200001,-0.30847623842911176,-4.094889326256855,-3.2979059065405103,0.40529546700498553,2.0084586975938614,0.6736200686690257,-0.9496785589891412,-1.2847717110207881,-0.26183826041344727,1.1113659191233034,1.606240311917686,0.276669409102154,-3.42703932652582,-7.016156337571543,-6.69735042700351,-3.3539174381378327,-0.3744704554998046,1.4850507146350098,2.314709123120215,1.5961168798978465,0.3391936266532234,0.01582601983398957,0.46954692598594017,0.10907472055824019,-2.5881161762232847,-6.290181004681784,-8.77797221451487,-9.886262606571563,-8.556861365555958,-3.6627498980584816,1.8820247944393795,4.679604909576707,5.439378130241885,5.692418657250399,5.645339293825463,6.408218736149077,8.065234072446342,7.525360909122897,2.981956727415387,-2.7610809111016756,-6.28736470060105,-6.661414586893307,-4.745092338499042,-3.300919052446831,-4.073162752570482,-5.186976370121899,-4.437175410401182,-1.3420299283756023,2.478965320427702,3.925329000961429,2.6114226178613755,1.0996051675646852,1.0307530031642091,2.3442085195074878,3.8329540660399806,3.570431094938751,1.1143376549515533,-0.9413740975375702,-0.13822625482305817,1.8114042096064558,1.9300396456023154,0.9860203350987149,1.3546730200036556,3.0400226228573572,4.561393559113874,4.567739010621578,2.976283163375312,1.6689161965613915,1.5920250311607802,2.2803800433268666,4.263162255360474,6.7898239095818465,7.398165850466203,6.52788903707537,7.1685683456452685,9.998020036720703,12.922815611492766,13.92268494817112,12.300463839864864,9.241842485643364,7.029137810432419,5.855733126251219,4.6165363778184325,4.24915065880091,5.336353378602491,6.25622364202403,5.954476025894021,5.223935505082222,5.687190592052998,8.105837339706987,11.50095985024244,13.52749479148719,11.735513038551554,6.511496819602628,1.751160361125443,0.39145914908613655,1.6327511268856894,2.779602042190847,2.0335140217411283,0.636995799919478,0.17455904757909968,-1.1513243505388226,-3.7891520394399514,-4.068095881694126,-1.3566359616342316,0.34965194304364866,-0.1717124296378012,-0.7868912063120277,-1.8492805180348686,-5.029658538639787,-8.47579497657663,-8.761254437618435,-5.49823442904256,-1.5838163578047875,0.24233754918274064,-0.014398323869579954,-1.1363518006532958,-2.327682905897274,-2.827830550216328,-2.2351270890044823,-1.024327662809357,0.36528346393386757,2.1410869785874294,4.042315456921823,4.9668762386442395,3.624000711027608,-0.48938527587078084,-5.628012778122932,-8.908532068705643,-9.377169810349383,-8.055795243313245,-6.7759920817491635,-6.478003111262549,-5.154604843375796,-2.495703519402465,-2.2589827317181976,-4.0949659398378735,-2.7410442384319618,2.767799468674647,7.772404309945939,8.43078092608841,4.737247141617839,-0.8825225056437525,-5.150268085690092,-5.6500267574496394,-2.853280430761325,0.6124001372420373,2.125680442199137,0.050668860807912,-3.7018233356960133,-4.920814007695432,-3.1073468383568428,-0.6840877691883742,0.6021762839092526,0.011125807607066385,-1.4025391335586344,-2.4738402814924774,-4.536316917464532,-9.091968206374089,-14.196656520262247,-14.700730842082299,-7.851007881267435,1.8290556972921568,7.718770508622453,7.970328216763363,4.434692555338346,0.5152685332465126,-0.7179361950357475,0.8499135787825534,2.88589251453491,2.5125172396994078,-0.617035796737663,-4.122884719608618,-7.089019555168653,-8.783568453269389,-6.869432749843915,-1.8693517992424242,1.7478002296679112,1.0578912100288869,-1.2101850211705143,-1.2680226852337038,-0.4840762020214693,-1.8811625240252328,-5.459500842086391,-9.198208968447428,-11.019287362860386,-10.574446742036,-7.967793827713546,-3.140206510558124,0.9219257044710769,0.8598649356876873,-1.8041893843206473,-3.04788629730848,-1.4219615151016098,0.5880710066348649,-0.14266476031566633,-3.218977050711684,-5.621973904248806,-5.885937659069893,-4.536070858583643,-2.1252977590934794,0.5595086594603107,2.911855007977289,5.2277601345813345,7.971287134760516,10.41750532188562,10.500093154075897,8.189224948583506,6.261914313982469,6.299867566903265,6.7811012926454,4.899946544665196,0.9316704102743802,-1.482408042326239,-1.1443003087923582,0.1786850359356702,1.8294739496512227,3.5917784474881085,3.9127902860296953,2.385261034730008,0.9026082048216741,0.4475605423763911,0.6760764781116104,1.1730624093189879,0.9128706643609212,0.3023979347974506,1.691387633537555,5.408726029519138,9.174984370270451,11.103978535525982,9.760802430198117,5.569958296717997,2.6687691182692364,3.002645921738784,4.976360035559981,8.750468116798707,13.002536982970426,13.392400647686593,10.122621217373535,8.51542209732553,10.51682321301133,11.43119845477603,6.7713954097151685,-1.298766665031378
4,10.528461045019377,5.667648604116216,3.883069787302574,3.589007635252269,1.6069906991435872,-0.1812488053057102,-0.18087721207671947,0.34503984365657914,-0.25236084408119197,-3.381499133500107,-7.9018934949889825,-9.981166982749151,-7.633288398910722,-3.834750571203873,-2.201741953866623,-2.0148042038446405,-1.408368602359431,-0.32821793795825727,1.1660110454533665,4.07362984760578,8.757293574432392,11.671123895596985,8.14927455131184,-0.10340613175763202,-6.829004862355156,-9.06801327525934,-7.350521077319055,-2.7418094479577277,2.2832797117365615,3.616635344821397,-0.8063304716331885,-8.320985159044952,-14.285283228699377,-14.702464517025994,-8.455568424955466,-1.3181790851175172,-0.25703504705553826,-1.9831250327558294,2.2692542030756933,10.899505291580951,13.590266743127245,9.24387373223507,7.344806397932775,9.980701859874307,9.740278516805223,4.854154478151319,-0.18000177089625957,-2.6477480668949482,-1.7046397136265314,1.1103108508072346,3.0603914098842395,4.146416017797414,5.119055855889336,5.491951169945677,4.616599174148858,1.489967403397916,-3.22004943460348,-5.8433874785795865,-4.568177341489841,-1.766628099211915,-0.037453089563237896,1.0473942654950523,4.2547540523925385,10.665290439522709,16.347956944478213,15.68498451288742,9.467932472122891,4.484695580303512,4.3665743359503235,7.087740344410254,8.967062367311524,7.816775789627831,5.786209671283767,6.580988984410062,8.410004788837444,6.586867515445052,0.9835840876936217,-4.8967042803283345,-7.697377591887205,-5.86402579555244,-1.6725678661560366,0.5351361317000141,-0.9123943633328437,-3.665542718201598,-3.8567578037239905,-0.13490643751870124,5.084479564549811,7.707062399677401,4.950163563164274,-2.604283242591924,-10.717180320955201,-14.077439797423676,-12.24486249489577,-8.87094831212314,-6.7212510134672385,-7.865514778012264,-12.019849917512042,-16.238700495111825,-18.22436858970393,-16.95953833672865,-13.837597157598605,-11.21148075241467,-9.192234479780312,-8.363238065954143,-9.633156958788511,-10.158100591971156,-7.410772170423166,-4.660888794109466,-4.960103011689403,-5.572092095461816,-5.107175731956373,-6.826115625625853,-11.548008159335236,-15.854480926784596,-17.607616045408275,-18.15599904235313,-17.635387907136753,-12.2516892166982,-0.7824818494508357,8.714402737369113,6.597030584686726,-4.430601034070644,-13.648487674164873,-15.747315249584558,-12.533855418340533,-7.488838548552934,-1.8536296285982594,2.7288070274045317,4.442532029667662,5.456125617093946,7.541164676453695,8.917908029742328,7.846816949392384,6.17211395121679,6.825507769933843,7.556660969237296,6.213731755145556,5.230016809148182,3.8250588531262135,-1.0372318856731084,-7.2917685577723965,-10.15244756541553,-8.617918192451466,-4.874863463000665,0.4760824820287368,6.338264508762403,9.345294572124494,7.831024544472285,4.038883027202639,2.2377968636710186,2.576578358920024,1.2795171296499923,-2.0484689635731854,-4.769063006158223,-6.342576044015587,-7.054728818697207,-4.841863270224371,0.45461276012184726,4.358608733710231,3.5298518823241096,0.3886008933130931,-0.2710464172191305,2.740693688292353,6.653185235121414,8.394007044129115,7.882609418543514,7.680756524479758,9.278172529151025,11.871569256866334,14.842445142767385,17.683831219957924,18.465404924604968,17.278788211058746,17.303887901022073,18.90231575230665,18.466940333361684,13.776950763236805,4.6767280572255245,-6.696096310156111,-13.786456966105188,-11.606733637609107,-3.0217796617537793,4.762048032331819,7.695499285941235,7.077604658272861,4.688444644210227,0.33891419334306505,-5.1281128440326995,-9.498017927454985,-10.866680540636677,-8.223495582338924,-3.5606431557613654,-1.3569625248703368,-3.657086397947044,-8.712628343600986,-12.836209868076157,-12.47833677443455,-9.778850720788082,-10.409713704325188,-13.315533651453084,-12.361541739990903,-6.4461419937477675,-1.239322712800175,-0.17128475329700033,-0.3507394566672186,1.5504075463720406,4.6343955532192265,4.681556628168074,2.3330830354982863,2.566575360899039,4.1064603444965595,1.9015997628111476,-4.614964938432042,-10.449296995245437,-10.125888789840147,-3.571344163079244,5.754982505886346,13.045750647018867,13.39220376044074,7.671479125390476,1.5129675633624782,-0.7009234014076888,2.4720178606594416,7.912768480271389,10.03735911619879,8.195510216917617,6.310797874140867,4.662926543215508,1.0420625063977988,-2.721471618442557,-3.885230308399442,-2.762627329054796,-0.23295830578996046,3.3558218488713027,5.526539440916055,4.715593111293218,4.629331102600467,5.584331689497532,3.0754251221683484,-0.7481932879484532,-0.5215286375154982,3.0743120672411397,5.69959234429729,5.093427097109403,2.6012683946780584,0.8586032883563597,1.0603915661977616,2.0451200786652457,2.7505368781087185,3.140368160207352,2.3174224471303724,0.39285889285233644,-1.5197744010373455,-3.848711521832607,-6.247295782884024,-6.206855494165506,-2.141042955584645,3.6885696405884403,7.8207762995313175,9.505019387654947,9.25285460951607,7.990285868457953,6.910796751969258,6.322830551218888,5.901657844758315,4.789335624469789,1.9516917009635453,-2.1414577623889777,-4.244235910964482,-2.5942998439041425,0.31778646285842527,2.907588969758722,5.181984841482667,6.924879432277001,8.089725400569673,7.350014226500008,3.6691045232667108,-0.14997160818702326,-0.3213142247369616,0.08245319855281963,-4.145952222097661,-10.02132485553642,-11.119469656062986,-5.001154667837444,4.381623723295978,9.92922720997889,9.937123039638907,6.887195688713936,4.0366742327960985,4.890887559175779,6.762099356233893,4.180239718381795,-0.9761917342139177,-2.089366968565482,3.100509221729531,9.847336559274929,12.594462670909923,10.248709157683919,6.073405857273848,2.6926607479448936,-1.0369765973300318,-4.9798629729813015,-7.361172541385924,-7.8627427858719905,-6.259234152100025,-2.118257711082972,2.77565923146231,3.7537082830853787,0.7112829124671336,-0.586897183358726,1.3177181144228705,4.876158120692203,10.573572352199749,15.27570434687965,12.175852744788292,1.1457044386559714,-8.715107994392685,-10.689068493370549,-6.673960420158082,-1.600933910216277,1.0099300113128606,0.5107766437454648,-1.9442349383366313,-4.9556283900427935,-6.38964109193658,-5.304360353068967,-3.044529662617652,-1.3844348696970314,-1.517661732865486,-4.235909104223191,-8.860716980515072,-10.890735721896846,-6.345566353246425,1.7076087229044816,6.359970603000227,5.5778944139973845,4.25329186586007,5.815630808888512,8.032507559750933,8.187300434240726,5.1193205543984615,0.12873696234225562,-3.3828069504385176,-5.487577720739825,-8.525583251967303,-12.310886231234004,-14.776976454618753,-13.581934577952694,-9.058981270572435,-5.699107122248346,-6.7842606762291755,-8.641678512388172,-6.238278523901402,-2.4991415477053565,-3.641488368797564,-8.685614644817031,-12.110484850081715,-12.79804272751605,-12.505906277185009,-11.793755470973846,-10.485827658547255,-8.609342101425575,-8.19153865591997,-9.06915638572099,-7.258739868123989,-2.326148049789351,2.6258809819430162,5.067934664190524,3.508987761571989,-0.5935716092913665,-1.7776165994276916,2.868664304451837,8.619771707420153,11.509904309378435,13.072401434403837,13.882089505177536,11.088303130047766,2.4472816585418826,-8.453936840834585,-14.68016665518093,-13.632916623352772,-8.4796727174742,-3.089741556843732,1.7709619200707074,4.577625092497053,3.950235402782594,3.293046248833269,4.550235104032235,5.872414871450761,6.7895449115276305,7.906915100747362,8.014523008404005,5.049374815592004,0.6011896141334052,-1.955295120467503,-2.6036618428279734,-2.776400072253214,-3.260735133036163,-4.63705858956844,-6.991824390821021,-9.296203026311826,-10.954457099568478,-12.886854065269748,-13.868646433570529,-11.673352642053565,-7.270156257486594,-3.0792424574852983,-0.1355140919587159,2.4233608556494257,4.9800833312021515,6.319332439243392,4.789809626573607,-0.19785231510897816,-6.040166085841273,-9.52047176428976,-9.586681262119054,-7.677467965549418,-7.7082779705329685,-9.360168980360504,-7.075963719109163,0.45270820715201987,8.0180489766167,10.172931127621984,7.137988142854434,2.9213855181791537,-0.42577234028275246,-2.707709414041336,-2.144852739016965,2.700265528243623,8.047316181531833,9.48586492086855,7.558346043315097,5.355505750170421,6.115346809355502,9.469921074821826,10.912601729049047,6.971854085709124,-0.8756140146497238,-5.315867052202991,-3.294859280240435,-1.93820960250493,-5.819792113278705,-10.954506638520336,-12.342174120849432,-9.14759040774028,-3.919009582446776,0.9751022141336847,4.3124900951476945,4.664254405436463,1.4392967347718386,-3.3693046142324725,-6.358760309424532,-5.853902902885228,-2.8853615425129764,0.9189956727932493,4.95384729460973,8.64530662611556,10.653390186304833,10.581929396064051,9.550162674159939,9.114126937808184,9.536606715802474,8.44890680723914,4.410353775949769,0.20724590370969764,-1.2266134055637394,-1.6185246323212432,-3.3818044110465024,-3.0462063693048265,2.923252218057515,9.90446997240328,12.066232490943843,9.416822145621406,4.066432846861481,-1.3018565584288169,-2.6397724404174276,1.0770890731910363,5.2843935805714715,6.665894519093229,7.4363473704747225,9.381356409342928,10.093319168537924,6.217370749932172,-0.35940008539475343,-3.2482647322239053,-0.9559176130559628,2.328662231885666,3.819869087137743,3.2300745267368782,0.019283646638211138,-4.650126554228006,-5.418425137617966,0.995537910378701,8.918178723734012,10.217813991427349,7.174085366778574,8.09385023974367,11.63613017223459,9.59496932949251,0.44455736438279914,-9.070656060116498,-12.023106597522515,-7.601773719135757,-1.5279072084879388,-1.0557857640967612,-6.513673640386974,-10.844374621999766,-8.208834823516874,-1.7945619780918403,-0.937534060382001,-5.685041540243201,-7.060725964436019,-3.553402194549143,-0.5343653765347867,-0.8025548096701005,-3.668777082874893,-5.741037126888044,-2.996026207463956,4.310469023679474,10.061968174074746,7.142193017951335,-4.617756607285276,-15.701508038188372,-16.88372210410545,-10.644439587128755,-6.104891402413951,-6.833732316919612,-8.811900863316016,-7.578279830868656,-4.791444979504558,-4.213638554266252,-5.265151728053752,-6.992034525950517,-10.052631802464187,-12.04828688243392,-9.369382875655559,-3.5208282795388968,0.7999683528298771,2.684222480467138,4.244711259800351,5.552539903999689,5.273791726857674,4.762724036870356,6.015855528878102,7.7362218650709735,8.642295932013917,7.798811364295027,3.448468221594659,-2.678538009727122,-6.236149312624779,-4.416279075924122,0.8800178782841659,2.788550143825458,-1.9464588311379423,-7.382128134695113,-6.222183416414475,0.10264399670783364,3.5631926715749698,0.9366510155662011,-2.656542594316779,-1.8049477180681048,3.2165185169183887,8.5328818743738,11.04519090232614,10.15482806431622,7.772461280890635,7.312455936838228,8.606551108549809,6.9580073451070605,2.215368398102136,-0.9997739702615007,-2.7811491848209275,-5.242108950424797,-6.424263633642035,-4.57859255176548,-1.6909199821289178,-0.3589852798306543,0.9168318205191426,4.90352176441404,8.234770773005184,5.733263434525995,-0.4238016656977166,-3.892885228475679,-3.5104014057660855,-2.99211800331683,-3.3209700248196583,-3.1253375720054626,-2.3057847263449016,0.6691441130512743,7.939241545374909,14.9083138732943,12.668950033598247,1.835952831407706,-7.811489157201285,-10.20079365449177,-6.499894787772385,-2.1536790585969445,-0.12659767759949592,1.8869710132863098,3.506230721757423,1.9112649069854664,-1.2756024925789062,-3.575143645907804,-6.769257172449312,-11.61694809337307,-13.109733757652979,-7.597088595050625,1.8820769520083225,8.86228080770946,8.94400543598272,3.906209878002258,-1.7877300945126855,-6.156409263322097,-9.043070354500383,-10.258278015140124,-9.535665065682188,-7.296386787405402,-4.371442888814402,-1.516736519556904,0.4666378640420188,1.5701224856965883,1.246992222809543,-1.3553534145926207,-3.9455633214964605,-4.80406171914038,-6.822483746748677,-10.969168599647729,-12.339022395763617,-8.802988588858934,-3.9992010484089358,-1.1921473792469204,-2.758933666700269,-7.009843550441652,-8.262908099531403,-5.621723773736484,-0.5173848101423335,6.972175261549668,13.802394844713469,16.198252644297753,13.888065946297935,10.02997980822001,7.716077954244941,6.102854929908443,4.542193452081097,5.21914612805318,7.437060942208483,7.8748402327712395,6.8922978913506405,7.616317528970285,9.979714049025509,10.569775684880124,8.109186384268337,5.227996744724381,4.244238348305586,5.214591656627327,6.3791942516743685,5.395562370435709,3.9028168681467292,4.729323766309351,5.160340011147529,1.671671587618567,-2.9182065853875843,-2.7028611242075318,2.395302521559892,6.930879692797017,8.481580816193269,8.416430854428071,7.156538936441972,3.85454478892178,0.3821690750183855,0.520393013813127,3.3042668328709794,5.10071565156732,4.708301119111967,2.4702019007739597,1.2389951567592838,3.8320550081048967,7.1999472608007515,7.386936868218908,7.7072986225194065,11.246388830609906,12.529098940944657,7.553595430224924,0.7156621402618093,-3.4554517506290328,-5.473897260108382,-6.340178568650682,-5.416418335890592,-4.0880043420792225,-3.4832108133460915,-1.6690225195728416,0.7208027196144196,-0.35335437455855523,-5.622763311717652,-9.921071907096625,-7.4315143958836085,0.6959636385261518,5.836979504881111,2.7594610921216916,-2.1857922386368216,-1.672357987535543,2.302243424644413,5.108798690231485,4.842820669002286,1.7278595666280587,-2.2438193885368154,-4.375348879278338,-1.5599004087373274,4.9412697048509635,8.828956014591231,6.523340766461732,-0.4870173528151982,-5.692908317028245,-3.463492000964545,1.967745860388729,2.9544752544474724,-1.29515416101242,-5.853524737901993,-7.205548528127821,-6.624269319034068,-6.515884565828815,-6.390155356427498,-4.37821095345166,-2.748178905622094,-5.1108748142522415,-8.921551309775063,-9.167052394791424,-5.510026424241691,-2.3498766987642488,-2.472319981718437,-3.426837583524909,-2.6152712900755803,-1.1341408597595954,-1.063928827511135,-0.7704553164609993,2.226159965504227,5.969722209410913,7.23418905742021,4.8282827279324145,1.3554738279918155,-0.09628533862952615,-0.6734153320077363,-0.6111561479177006,0.47030525808719137,1.0439453660714246,1.4065129964054783,1.1658174419409066,-0.2243248024239506,-1.0936551262047445,-1.7898587727217272,-3.2778000990307454,-3.942325840768193,-2.204712251068875,0.3599883146187075,0.8594183776489492,-1.919782439615851,-7.268614793223791,-10.434691140177144,-6.784372773993251,0.05273093501699755,3.0119384196531325,0.7428499209243444,-3.175916868527164,-5.218648391934693,-3.354232056878434,0.8119648325034561,2.5189381078752318,-0.23466560270538395,-6.233892819010078,-11.227708835121279,-10.800430082922949,-7.142210756811938,-3.7385659286888933,-1.2877090355786374,-1.4444882348550605,-4.541477163945909,-7.277357674880148,-6.591844504875681,-3.7747214649464165,-2.916419665173521,-6.050513374624191,-10.288141013410407,-12.192819929050113,-12.880197290603569,-12.170827558615752,-7.761975918164259,-2.203778466594163,0.8364578177462803,1.1291720450311225,-0.17188008107431996,-0.7649356978504525,1.9367462535654605,6.193652651001274,5.137955816028123,-2.712343488898931,-9.872159771580883,-12.072015111871405,-11.02202590028854,-8.81829988527724,-7.2370462532535145,-6.882158165384018,-6.950181602648286,-5.717704127390492,-1.8393911307311441,2.8411586684196664,4.3279632548519995,2.4496122306225203,1.7581159620560118,4.092886677262181,7.270236084821862,8.41545495663027,5.216366372456548,0.011920252671784759,-1.6461885099238867,1.6145834461083997,4.782316403063904,3.750678554643285,2.0989458906569,3.8444903910597414,7.519131852839713,9.627532096267895,7.723822599072479,3.596985992608243,1.1289897538473213,1.805405485569107,5.3465750723205225,9.708464902609704,11.300243157907719,8.922819383118087,6.931151295072784,9.318563662713307,13.397867698436814,15.44059934804747,14.607018671673563,11.178405424324291,6.614199320033559,3.3111473159940044,2.2149123929913443,1.959142513354688,2.79645716075318,4.8210888604070625,5.011797280446162,2.24920328994987,-0.978788419892684,-0.5443024043552889,5.210408659196204,12.28240689992784,15.079625934463547,10.660242012687517,1.9245771444046813,-4.556994841258771,-6.150301356467093,-4.442552608523516,-2.9746458808037453,-4.217881523265889,-5.9275493390175225,-5.351900005623348,-3.834916191132491,-3.4591063611994173,-2.738051556346866,-1.4095514492431132,-2.3196333010904384,-3.7781751889959754,-3.414327702226002,-4.706332613953988,-9.447592347171183,-12.940699254859513,-10.678678045238906,-4.901695397603685,-0.45368204420967695,1.3754534500351108,1.2832130509222082,-0.39662269381387194,-2.8276584660402566,-3.5906051716839507,-1.329643287078056,2.344879897878865,6.204946240435227,9.513504591805734,10.604654650991197,8.840707820459025,4.691828589050419,-1.2001825572665155,-7.257488104411521,-10.543801567746316,-10.245475397317172,-9.122332243660619,-9.80588632143629,-11.448705979648706,-9.432521168906863,-4.045503687912914,-2.0393060729044983,-3.126161008881853,-0.3284760029189009,7.827524640879756,14.702988363669382,13.474158579556521,4.927679030688839,-5.3548684214815445,-11.851185286349821,-11.276497113558825,-4.871813211985092,2.8813631564900177,6.391464869884569,2.8980184583581696,-2.930548357612757,-3.9828564903741857,0.5779107162943635,6.432093230896227,10.04700410071258,9.870959499387117,7.203154244650742,4.800601423977818,1.3831419030932857,-5.170527282598014,-11.790899604040705,-11.68600120824908,-2.304612019042704,8.796059942251489,13.928421651840392,12.44202988411559,6.6353818099617055,1.5395446843853033,0.7984699524598255,3.4521773498838177,6.525253345645249,5.671950935548645,0.036683118298183715,-6.84840187517334,-12.802586011181436,-15.64731752966777,-11.994620168101655,-3.2577863883120957,2.858560885218978,1.9945282254180023,-0.9004727560075771,-0.26068166737730003,1.6684875830900818,0.20140225361045516,-4.190408278880268,-7.959326621261527,-8.305977009661916,-4.8785704459946615,0.6516078281240958,6.4710089166058165,8.400336080870861,4.112153384092064,-0.906427041038798,-1.3278923822692654,1.6881609225288798,2.99172466705817,-0.4094307938382613,-4.633002564885684,-5.072989780879865,-2.6765611199061112,-0.4855011188722864,0.6623255607488918,1.2757058989124204,1.986385232945704,4.0780377236938445,7.229390902813437,8.355819245238429,5.353807324132365,0.6911093024702062,-0.9116046272410951,1.030520641866116,2.447270895725099,0.30571463606550253,-3.0809622272290618,-2.9260549458210177,-0.318197267553634,0.7943468264599716,1.0641778996849833,1.5859687752712466,1.062297380362125,-0.4417441720850075,-0.7178661217716198,0.3993005182094054,0.3804300056901013,-1.472696267865874,-4.191936009328442,-6.1680675362236626,-5.655147854595477,-3.4271872515037427,-0.5816556612096253,2.4903595488432213,3.3031333735088655,1.0099073889208903,-0.5918918903613184,0.545395170976561,3.663345456807841,9.950623402906556,16.660894223255887,16.48641084848369,10.681052797092125,8.357788697241684,12.445053250912098,15.539666042506916,10.609477412428893,1.2169344237938517
5,12.793281641245073,9.633824743758083,5.897437436444839,3.3827737923629755,1.4438131198257622,0.6377042627655953,1.6453607352018622,2.3243452159249713,1.0097366071926857,-1.8169061200611054,-4.482189722341516,-5.23432479317421,-4.932915512342753,-5.3754044034996085,-5.32876177624501,-1.747700420269652,3.8332872817150516,5.810362367988592,4.368735699834858,5.3338952106501765,10.742852537113322,15.631384809871491,13.699197332024198,5.968426138305716,-1.039684162644562,-3.1848474066148107,-0.6871381962703182,3.2348547488875354,6.110567829097462,7.233963925088084,6.264466230298943,3.2318193854558643,-1.7193411278915143,-5.471780697271797,-3.24080502163347,3.425061834505307,6.565319388489179,3.083489139835148,0.8521077937684893,5.904964292836048,12.649118263422555,14.6934217736685,12.95555194213819,10.157207849123829,7.273603706901781,6.253877478264454,7.373966468327538,6.706990750880625,3.633697771313674,1.99921978250444,3.3808643719010867,5.779048744331661,6.3498449160179895,5.343996769785603,5.88175985352396,8.92424225403618,10.969974617131871,8.677349945274543,4.2751176419378805,2.4367404204283147,5.474169879833779,11.98667605674934,17.171198278731154,17.97857035755337,16.439659355944364,15.446270594910306,14.427985602686682,11.485446345141668,8.219022628501666,8.396878181476385,12.234321454866063,14.53134757801553,10.9371020495471,4.714048928287006,2.0721527181807264,4.343045789636026,6.841196700122859,4.1946094885919685,-2.035136893774766,-5.1880097163873575,-2.7801656401034016,0.13050484037564658,-2.332987188304161,-8.319036182710736,-10.660949759644662,-6.451882104128163,-0.38735901849171483,0.9558080325832776,-3.292333775198749,-8.641286416856595,-11.131509681707985,-10.739799429294635,-10.401637621869067,-11.23588604329705,-11.578859347171797,-10.929791299979222,-11.478496958942543,-15.438711415508829,-20.66152576376701,-21.962761637404675,-17.945772654902875,-12.566474314698453,-9.75742766922599,-10.946240637601804,-14.942730527678307,-16.49774675084663,-12.770961831648265,-9.233835864819827,-10.762898071172359,-13.807767293501634,-13.390848650933965,-11.689884048201904,-13.37648386368091,-18.021154346576765,-22.340869487826517,-23.82170259294741,-21.70763641468129,-16.502355203556572,-9.32673939152037,-4.108531819403844,-4.814150253516939,-9.9292629680292,-14.951389980567182,-17.92454294627399,-19.731392783814208,-19.756324598372352,-15.571670737569853,-8.271542241077903,-3.0354753988352883,-3.187185452556797,-5.7696016052504895,-5.569766557301811,-1.8229291923296955,3.11381952063876,6.553781967462932,5.577671583037013,1.7040240393404744,1.0679285478945495,3.4362139256882536,1.3876722689121408,-6.3151770377016625,-12.279547759413898,-11.286010912559295,-6.517020944960663,-4.208129299590034,-5.158762690178551,-5.271669341321637,-2.061374581147721,2.4055169212437555,4.108108662859554,1.5386658959227795,-2.4827759149241135,-3.23900069608019,-0.6296086669158782,-0.16213494512019544,-3.4871570107925027,-4.935567822290485,0.15878806020792524,7.782434788202808,9.20044951188929,3.683035018716918,-0.776466596730593,1.5093564745382473,8.30779810887756,12.831790416287408,12.31340910748752,10.433215557181875,11.916961472988257,16.78363163642711,20.721065119209282,21.422216528473786,19.610430693212628,17.47052703525189,17.162316162590653,17.233943150431312,14.809893574540197,9.522111059500116,3.2410181294937264,-2.1000604905749825,-5.735134968336091,-6.767076713930848,-5.209201379376385,-2.3297285251445317,1.233308104955217,4.654167599300299,6.006736362866185,3.238214264826354,-2.266433680745765,-6.2524797307906965,-6.060945637243414,-1.2559527297071114,4.989390907233394,7.738462575466434,5.66106610366327,0.9040326495018531,-3.81892404711234,-6.822247789257236,-7.395923628029642,-6.591279940329887,-5.943885551720314,-4.092862185425799,0.09563087878610332,3.950989448761013,4.787568600547484,3.753052745597709,3.6759859859202457,4.870948738665373,5.665096459014302,5.861149202753264,6.8652222071711,8.628557289144672,8.39502913237886,4.675591239973702,0.29316251319183806,-0.7563189071245593,2.3014610983574713,7.05274100062775,11.780717289768942,15.149823246874801,15.348820057067432,12.856598510764783,9.40364602359103,7.422089942805755,8.642856782716544,11.175710301153151,12.379120684593994,10.644683843875185,6.275600394616354,2.0414605126975385,0.1276923865625852,0.4506086551269526,0.995097874901937,2.2333425291386195,6.971711444259743,12.564960327280811,14.673676343319965,14.598291028781272,13.477881529595027,9.072362869432435,3.108177708146062,1.0015627364877382,3.0048571985539905,5.504156881960549,6.615858560676486,6.0027260928264665,4.552315200482523,2.7345141823743226,0.665568974195863,-0.403916118386892,0.5147442157396922,2.0301717690743715,-0.3162844572463879,-7.384216274750445,-13.461180263549235,-13.820769974513233,-8.779954276616664,-2.4863609338490047,1.642398349801521,3.7006879507530197,4.594237327474893,4.094802655469138,1.195793334833813,-2.6234365327132236,-4.202681347271364,-3.240377212543208,-1.2452255612662642,-0.6732962455206146,-2.909471175583969,-4.980577330199944,-3.624227090863819,-0.00509495510953073,2.27008760116,1.7090484280179927,-0.5971324917870007,-2.427136257292643,-2.1883750112742533,-2.0647978117008865,-3.644140812056121,-4.644606576697363,-5.085810277074318,-6.957597883042416,-10.385564253887672,-13.652672757970105,-13.460418733625861,-8.736677864758283,-3.341298344487413,-1.5615358843850142,-3.0016560809975648,-4.9566964893428604,-6.004584593316386,-6.522813002362625,-7.848922685689493,-7.988500638948956,-4.350170731010767,0.7764947655958228,3.856874278369208,3.2796668393129327,0.606483668077999,-1.2895808817741319,-2.5890276933224303,-4.898089210365207,-8.173720780186034,-10.57797310757701,-11.511061971265871,-11.878937382473257,-10.279397737694143,-5.726701930909247,-1.4692952567462267,-1.5626617263934186,-5.642794437034759,-9.978872965076029,-10.900666013097347,-5.137852837094308,4.146529184235538,7.031700317862585,0.07001327003747271,-9.300801040921492,-12.04056089926761,-7.298757019709827,-0.8970344870946185,2.1860606182540074,0.5741966764325976,-2.5226216470881546,-4.253554287202615,-5.164678190044654,-5.224166754749795,-4.479614629426738,-3.322377767521292,-2.4992114699052683,-3.352293682557004,-4.503476523321837,-2.683321885123135,3.4016798142404028,10.235219971930292,13.000812933859144,12.509060512736623,12.792051551552763,14.718820860244069,15.037100466689472,12.492899567073874,9.687734683962693,7.461418325304958,5.569342710337924,3.427671091738916,0.8525076838347161,-0.39594243665213735,-0.33575583698282685,0.9166831509241398,3.5099174859101723,5.203838501208661,4.356550565694603,1.9790302781970865,0.873022216157409,0.5881757314379712,-1.4809586149660703,-2.9681517149145726,-1.4251044300081368,0.16381891319841557,-1.4642399597370623,-4.516110108383526,-4.676071455579477,-1.7246291196011754,0.4469329727415605,-0.5662484644192975,-1.5671357531042567,1.966318581199344,8.276068322701477,12.401566592091363,11.548009925836444,6.8528908706508584,3.902670714326213,6.0836876867880765,10.17608936485702,11.73738946718965,11.749567865949643,13.919730004404633,15.843655202899464,11.871216571640392,1.9358796222942427,-7.656185995504587,-10.205164739101853,-6.304907992342666,-1.2594166507758615,2.4383830406692475,4.709909036188634,5.711698975034018,5.65624082434676,5.021021950043453,4.590162273371048,6.001571791436998,9.984747938986828,13.073289573231758,11.413877818587018,5.948098295958358,0.9554006881771144,-1.4977236274325882,-3.26421567271462,-5.364974621043647,-7.656800291522977,-9.875693625998057,-10.1544219163426,-8.808829631062377,-9.013169106323573,-11.159952498899921,-11.69092249807938,-8.42398591148661,-4.196043163192815,-2.2578070525002154,-1.7826471499359258,0.04419406830051997,3.319164592681494,4.866686105613965,3.9128505119223718,2.0183347336223463,-0.27520458171440865,-1.823995384699911,-1.5853829084510345,-0.5357799351765387,-0.36775537988635776,-0.2693285176417781,1.978975110493737,5.221539047578137,6.208259606121743,3.640170516760495,-0.38142665225718986,-3.153497519675007,-4.5340155238006545,-3.6570868180335765,0.015536877718066222,3.087534855929988,2.596136043838147,-0.9788324601160134,-4.7283215585804115,-5.803394366172348,-4.039468511794716,-2.112283948193795,-3.7406329800098526,-8.84021108206618,-12.245881344873402,-11.291831271778026,-10.543194422746389,-14.029191097197732,-18.43736631177407,-19.41440883246624,-16.661186385249444,-11.808853039935238,-6.965051678629006,-3.5281635952530053,-2.677409105811421,-4.801715928129607,-8.635009474080794,-12.150280903464367,-11.963112532754362,-7.1627903091562075,-1.1834454176418525,2.7716419560931636,3.7696317741510335,3.7304365197535176,5.405132710583601,8.680701147272762,10.36474262088758,8.23822878737455,4.782642964089458,2.3468100412259716,-0.5139001243290728,-5.062915034326798,-9.975006337274683,-11.935597934254341,-8.76966167590527,-2.30517210500778,2.1649695537489,1.8187646251418297,0.31105496929508725,-0.3102296044098303,-2.610183614727055,-6.3811893689822075,-7.852091986726242,-4.581838610962448,1.6767933128994175,7.216555309854847,9.354966861655889,7.671293010689169,4.166421456755147,0.8404246454059532,-0.9490806435702286,-1.6911826410887674,-2.9348538879748425,-2.8914856235387205,-0.12352067909527342,2.0678369015337745,0.5884076658679458,-2.1194144915418316,-0.9272307420693533,3.7103390605821405,6.175914862534407,5.192459046664112,5.316301049201652,8.342862132507168,10.197441251151218,8.183275513605356,4.077335300291565,0.896780065621444,1.455481193438187,4.670943936180049,5.273151762322501,1.0751735561270275,-4.207663901667072,-5.260024626023988,-1.7621492840418131,0.8996219356786455,-0.0667337607384848,-0.941424625476003,1.411651496623751,4.264492154575613,3.9661229694766895,0.6757498971289788,-2.273837702458202,-1.4938002470006246,2.4640340754193844,6.304819107988635,5.828637911768908,-1.745869153207913,-11.378505696105755,-14.719231600308671,-10.973205923838492,-5.759638815969041,-2.485203173358741,0.1283571294397916,2.589180164372671,2.826589163107009,0.5377965219971337,-1.2830861034794196,-1.152133440700787,-1.5374332561516297,-2.8078960736137972,-1.6171923463844458,2.3563599638645414,4.969286084140691,4.189926742134785,3.9042582864627136,7.448489391165248,12.062660984384618,14.076854201011855,13.613491971479565,13.246415214774096,14.992435129502688,17.107863923310845,15.603918686294655,10.455962388999152,6.6650835788622445,7.866068889120738,11.229398565250815,10.048751895849332,2.0595012354969064,-6.009086404728052,-6.0838872006547255,0.8446347355964434,6.203130717244582,4.762068325583774,1.150093484775848,2.612673325726719,9.327927387189398,15.721569492667252,17.71297212546103,16.11969339838537,13.79510063531428,13.289726029140514,14.40173397623966,12.988383241254825,9.059707821965633,7.722412338856483,8.709115533491556,6.8444490767815775,1.259247247395824,-2.9926266325250843,-2.7127171376752877,-0.7980098270917058,-0.3200507815961835,-0.8057111283318825,-1.6552646998299956,-3.459138264119929,-4.984384583449486,-4.580998424873339,-4.06556878702324,-5.423886284139984,-7.304338250677144,-7.905589185675609,-7.379157738834927,-5.647277828117476,-1.0143954532670882,4.7620614206284735,5.5049869991005025,-0.13735466803250596,-6.409059177119357,-8.730406945868395,-7.23016222841307,-4.242837129555081,-2.454078885067492,-2.377510447967488,-2.458254444725391,-2.494909009146143,-2.9638182419891805,-4.973990385768898,-10.5594173980404,-17.724118087059566,-20.804334507549875,-17.318041136029667,-10.440889030130283,-5.767693369142751,-5.8114217469341085,-8.134811120258941,-9.535739133051738,-10.508072843425055,-13.299209706388902,-17.0095563105612,-19.13876779847532,-19.163067994271433,-17.8976055796291,-15.92295018706578,-13.411382877163206,-10.946681915586453,-10.081997435601583,-11.95308039476452,-14.97657854564622,-17.653022750663407,-21.770386394856075,-26.635720280947737,-27.025436813893528,-21.529353645804367,-14.594916778249566,-11.498226244315475,-14.638974432129483,-19.716401768034682,-19.447554598070756,-13.728789911629857,-7.882737909132425,-3.90932418497837,-0.9707340053961175,1.3391674497067392,2.2017197048177195,0.616619199810879,-1.5944847746746742,-2.039337358112043,0.07775476251082836,4.2241106722933,6.382348476259978,3.9963064914583937,1.4686704780560893,4.243698396731205,10.037229121965648,10.538268544973455,4.013033578065735,-2.1956210616194998,-2.8772107213529274,-0.14345199309085022,1.3791918313491554,1.304802204369075,3.646363653739307,10.051211364495327,15.411889976526492,13.294818535127025,5.92495796545067,2.0540679300672267,5.3332697863992635,11.084685170487614,13.71601117174159,12.926389885106403,11.173523616634789,9.88958631060803,9.406574700521226,9.656977915001924,10.250584793944924,9.94571665871436,8.038867822071808,5.151764753286848,2.9440092109728013,3.4246140707454007,5.07639163831584,5.059347526831232,5.199894244602305,7.492830930564214,9.068111216540416,7.047549819621544,3.378439481119786,0.9519410799109274,-0.45607068709319876,-1.052698604921357,-0.7491965522785833,-0.6165486869250074,-0.24776727935346798,1.9834000015428934,5.1654017729241914,5.062366842993708,0.08338402259799693,-4.986028189206648,-4.469519489888079,1.5988593310644195,6.020762187234091,3.749665412522793,-0.32914748115208425,-0.58395804068385,1.7196137258802562,2.862828871228505,1.9660158846687708,0.6653882259400694,-0.09444069829450719,0.021199600071886593,1.5522766235488703,3.7864526929200384,4.362813508907774,2.08137294117076,-1.6981496195507724,-4.43550405327062,-3.2295636729753365,1.2047007882268628,4.226633977876169,3.7053402320785005,1.1693461360162374,-0.3715293319213462,0.35874038929336116,1.2962267589911,1.768197374459687,3.1227411839168475,4.676332616427585,4.177535112233612,1.9924903949346007,1.9279906259476816,5.316358263096429,8.24569844572103,7.27923302945229,5.051293733019905,6.743745620764252,11.00655573767103,12.003237709024695,9.406480426662872,8.558497671424552,12.436195309849143,16.62458763953164,15.289618884928892,10.205101214529167,7.368280083696206,8.286556429682891,9.856498308707726,9.500274460019606,7.501350706206793,6.648681199497471,7.811574816009308,7.925685401918923,6.3978792633170976,5.066662436761664,5.067952617366755,7.89177039009181,12.1545368933541,14.414205143031898,13.180493511419556,9.013177270065881,3.9758772491208507,0.10518636871207754,-0.5750533571355838,1.2974540338157263,1.7006420096872006,-0.17561979919979454,-2.054725023715509,-2.347620070194578,-0.9399391460153446,1.0624643137550667,3.026170306190942,3.3316471323144405,0.17713833994259431,-4.15781574139579,-5.425050640156352,-3.425230012261001,-1.8863400121173761,-2.13766394721486,-3.0211970794079797,-4.13521614306957,-4.189221051232185,-2.605173775289032,-0.7016250228577388,-0.34004893541182213,-3.0223182587173305,-6.935427072070601,-9.702629924261453,-11.379242555036353,-11.346766761785394,-8.630029657089551,-5.338574931031099,-4.9075739727223855,-6.693949809492479,-8.699021028102198,-10.544503495905754,-10.30786768018842,-7.918010735577425,-7.32806544893692,-11.042055062030947,-16.711412327926922,-20.10442716572442,-19.77324222494211,-17.234452792978423,-16.274514581435312,-18.73342193866192,-21.22622545355556,-20.840046564491423,-16.965098444939347,-11.443610886052493,-8.945103529635013,-10.420620140412847,-11.954407403107961,-10.25818879696866,-6.208088577241291,-3.7531883903776375,-5.542104243685472,-10.56244872161969,-13.851402125915007,-12.082382541681879,-9.101075050316147,-9.844022275185504,-12.8249752809617,-12.703217374816619,-8.692122448075649,-5.418204599565255,-6.535342759714197,-10.743712555545805,-12.200750152508265,-9.113534601341463,-6.313340318091652,-5.902559004623312,-5.756165330300562,-3.6586759747804343,0.6508556049300118,5.044293401790405,7.696765831064349,9.190985580844217,11.456695974643058,13.68950136422976,13.068803299073101,9.868819024584333,6.294115593697818,4.750278304726476,6.807338034911345,10.266528130947732,11.561416499806521,10.400476148558234,9.9375429124389,11.995771480644741,15.006744543641918,17.22839785127274,17.812972802198658,16.38239554364548,13.075467242205605,9.285814816776567,6.827044521050122,5.9701166917382835,6.130817010421145,5.9491963547988345,5.33528867205154,5.3104904724921,3.8445712472443745,0.8188104633605047,0.8975660527122855,5.233694468731471,9.067774213904354,9.25032974188905,7.752631509168928,5.442576983006642,0.8907894243367167,-3.936629505315608,-5.339954773325804,-2.437249512341978,2.2181057168521896,5.779119602671432,7.751151677887302,7.780648341661006,5.762471567917839,3.437108992982914,2.997004114903792,4.722827032771339,6.914920589979115,8.855239672661014,10.515808691521165,11.600058539611133,11.443186620307065,8.258994450939156,2.2563702388800806,-3.2923098726154905,-5.050315464871847,-1.9502915286509452,2.8675344642271785,5.31766049344766,5.92509360093259,6.795007367024047,6.523886380059893,4.80161246391317,5.621018838104117,10.29010617336989,15.644949022030193,18.79927171367157,17.814441053855536,12.458614627419486,5.785860867749273,2.503061944230627,4.390565565642426,8.44566935392196,10.274084453123383,6.989682629212217,1.3626044552885315,-0.07707778887524341,2.798894466578597,4.622782797597546,2.7227000341141006,-0.724532518777778,-2.1959641806961105,-2.321585984335239,-5.291931895275148,-12.782814023678448,-19.855941907521967,-18.541170539204195,-7.420692811206681,5.610236941529838,12.162832563632223,11.583405976087827,7.814859587006293,3.874346378595588,1.4836469798436944,0.7972963672744349,1.2406030425168222,1.7090816752816211,1.1354867164713323,-0.15232665310947802,-2.6663460682220848,-5.262972902228444,-3.98846681067151,0.5848814282840777,2.7788553185220177,-0.3243177974558922,-4.282657286872066,-3.714784084717179,-0.583061479087096,0.13002311115634413,-3.135191293041803,-7.846779526388769,-9.989407571777095,-9.07370754631038,-6.978076413593165,-4.177435145447518,-1.7399862046805268,-2.265782101269412,-6.077960980764146,-9.844326286697726,-10.760477062562657,-9.555998637281323,-9.126077007486181,-11.008542959153562,-13.132392808972718,-13.188894343943554,-11.104888607834045,-7.622676160531748,-3.940240242319746,-0.6821787875535854,2.4320735945067344,5.740600248164103,8.429149586534606,8.680687154925938,6.9703418604618825,5.812168316920941,6.389410984163376,6.803831210147994,3.7871656438225916,-1.9837895829242722,-6.407437113300816,-8.130955673365335,-8.620894533710588,-7.9431269553353445,-5.976300596274804,-5.555027445564969,-8.61786770626249,-13.174284256839849,-16.709899331269693,-18.00383911487924,-17.5235209316423,-17.020151448410367,-16.374952297525294,-13.130695760659151,-6.811177405601285,-0.4545354857881172,3.2249935714268574,2.800031963487614,-0.6124538150641481,-2.184345849493438,-0.7406542063330086,0.6218185380083554,1.8491569613006105,3.2719474540730618,2.516704491455325,0.11878223974020496,-0.011269137462990741,1.9751544746957785,1.4317911323354693,-3.869166904685506,-11.13808854714588
6,12.837580641144513,13.543630340134172,12.782766760158182,8.78765201539774,2.383144875939621,-1.218589591337313,1.1752456512443388,4.862558116617528,3.337663839321504,-3.1649397750322663,-7.7027949984579855,-5.865244332256097,-2.014590483745067,-2.346780248944519,-5.590172730308645,-5.11385132617184,0.21675423715836928,4.192888291523332,4.063004564030933,4.804720153362844,11.071499408974734,19.30708766856298,20.767308489006034,12.713807388209709,2.0418142952440874,-2.5299883719997123,0.7400304948061844,5.8696935385565325,7.226792301673505,5.174923849330902,3.3297990032715568,2.476455483539006,-0.6132893838697449,-6.12070133489264,-8.215484180753617,-3.4094377200704304,3.204122636582845,5.57070366651234,6.2254238778931175,10.115596546193412,15.100018622502507,16.537747950999652,14.125350219920659,10.024704977071824,6.937386376168609,7.781998339724263,10.425681262899115,8.723254213553346,2.930188122440793,-0.5828611870045854,1.0549919418401927,4.416488436726908,4.984093759744521,2.4841962881093655,0.4001268952064143,1.6152273252029588,4.37722542784503,4.107898406754862,0.1682876791382153,-2.375469841975577,1.2411419074834749,8.74811405065049,13.222160100565326,12.266305647529819,10.252350374784637,11.08192998060149,12.761931371366114,11.526287266763859,8.145334285401752,7.068267446270273,10.102631682373923,12.602239428268916,9.806682349354483,4.300693576452675,1.600935304679723,3.3023313971110717,6.112496294440369,5.434996615559882,1.4624099358352165,-0.7672112257710495,1.3825227480140025,4.26666069881167,3.283007394764649,-0.5222228111186134,-2.17707689023144,0.4924792969493055,4.576616306238478,5.957879597802993,3.214099664862971,-1.5232742679493185,-4.4736791071915185,-4.425597925586281,-3.80675608969878,-4.574913974476683,-5.8373063868856505,-6.302752607364678,-7.319881165931484,-10.970021605136616,-15.449924399252538,-16.24126242605972,-12.667630177820529,-9.015901003822954,-8.087196567428435,-9.879475030099371,-13.446136931502274,-15.303819174505904,-13.639099257807224,-12.074984221580664,-13.355190730105328,-14.799100012549076,-13.879068177890545,-13.469810047030542,-16.191377233636317,-19.872508195118087,-22.40503646626216,-23.773072333752467,-23.4376865610471,-19.35146900482617,-11.39543254677558,-4.894618856728499,-5.433540932821304,-11.786113110611367,-17.70258386651328,-19.341032448384837,-18.355030717760336,-16.97404022676158,-14.20723650533553,-9.16656187012294,-4.317664909963362,-2.747723025139571,-4.102968082171035,-5.351159457529867,-3.8644186346309795,0.6554210087062984,4.777612984036992,3.6002620130306617,-1.5646180470187616,-2.9421413578759257,0.633033211426687,0.8002373489233534,-6.453113694572069,-14.818590446719885,-16.15530658841614,-10.490767231104748,-5.011356227869914,-4.1090290713108795,-5.5938824728765635,-5.203866414112454,-2.378550117238353,-0.688176030437539,-2.5820782210600104,-5.858024169659716,-5.704994812156965,-2.0432342446597156,-1.0910246526400424,-5.619091369429846,-9.857230803880153,-6.759558323497355,1.740606415460718,6.014770118799941,1.885615713738897,-4.498759164514638,-4.605698872302723,2.4947250900639766,9.255229944178907,10.228918005593602,8.017011686845088,8.724128447235925,13.843054987410149,18.6319622636116,19.334126671004686,17.037548127316846,15.941881774328383,18.32518632781482,21.23191562846947,20.738822269546446,16.297452067424956,10.454515908789212,5.4309435703247,1.8530347350009393,0.7844122251819972,2.43336567147756,5.581357781486233,8.923722889406775,10.858701814166217,9.566949309598515,4.070486801445419,-2.741081003176756,-6.477704662416812,-6.047235876410127,-2.3627349427118567,2.069201245960649,4.292761110378134,3.17282549310773,-0.5624376560798687,-4.797642249383292,-7.923332931729497,-9.270244611172153,-9.135093125281692,-8.18290477678061,-5.904250828183308,-2.274762103308131,1.306291879923645,3.4272791846527824,4.154693775826203,4.712382269340257,5.043133441761668,4.274137147400843,3.2406260046148176,3.772966835497737,4.890352196876382,3.019671298774135,-1.9882990565160803,-6.158036724267884,-6.30771151670546,-2.800077646745601,1.5264566244545783,5.085012061323248,7.026628182948038,6.743656106138335,5.91139767519937,5.661456503172079,6.009697127238248,7.311540469906319,9.743069966202409,13.125233909066766,14.73736447137513,11.809465240531292,6.1671103942220284,2.2082882673751563,1.8953827377390358,2.504894923359778,2.1937812907111116,2.9947795423927452,5.28345598530866,7.557562687843657,9.467989140164075,9.445054801518289,5.22636321480223,0.16594825648074973,0.31548726550626505,4.6622619799515554,7.845453221022521,7.696639818759396,5.89469713379064,5.17411499804285,5.152536265407133,3.7475361177027047,1.161342391698811,-0.3673763154576326,0.524506473515975,1.0598034549125956,-1.7180020064672084,-6.163699011480334,-8.323423579610719,-5.865775613577957,-0.8678669841421831,2.9930316592985493,4.923298935734556,6.527837437389672,8.604793387841994,9.270477317996043,7.54191845700702,5.449789305574458,5.2194922429711665,7.296977430256812,8.923010190612393,6.864294832011416,2.495206005621739,0.2925137406291647,2.0971642584573402,5.293292319327083,6.884543473277879,6.855160187643294,7.472631674814849,9.711229516837243,10.61012977513401,8.328416031121382,5.276087930550119,2.6624096961672663,-0.49680663098667743,-4.122223461302212,-6.665341046004725,-6.306095215603408,-2.9222356406987906,0.8468532939663156,2.0436335342353225,1.074591778872131,-0.027823506955087396,-0.48025036189405945,-0.8567051435974911,-2.2282825180057095,-3.0078142887416046,-0.9876259352111596,2.5749707315406702,5.291017038088093,6.036985977638341,5.280291877164473,3.6229989799817837,0.8589509035062957,-2.726529004896708,-6.263618501945409,-8.421159749578326,-9.000646860881936,-8.89612502925533,-7.556828237782518,-5.085588233575304,-3.5237933730239224,-3.9847447050472127,-5.463093245327652,-6.762620533091415,-6.409340541509156,-1.480229251904504,6.1540730022286745,8.36028407053051,1.3969206757004944,-8.554825168749051,-12.413061050689818,-9.063292024548064,-4.4566636033474545,-2.8467592374973236,-4.384881943023201,-6.2413744733954815,-6.98970896349733,-7.85358440769267,-8.47343276541718,-7.767163343563887,-5.808217452077713,-4.4183365308364655,-6.01769228838373,-9.491340229488152,-10.508611953143586,-6.201201410239031,0.5810421315455994,4.145447651724602,3.8882409063909886,4.243372140371147,7.202517261240741,9.054951144077208,7.27954595771234,4.220451478476852,1.9050981140427954,0.6198623099211105,-1.1230069409527408,-4.813320171079546,-8.944496739241497,-11.598578001576024,-11.503607360756565,-9.034161677780332,-7.0029536818101334,-7.155050777326467,-8.25429038246586,-7.768493934771508,-6.795529365248889,-8.344165348292552,-10.271098918343057,-9.07500188446933,-6.370281251811633,-6.0485317442571365,-8.198662616493962,-9.257987773875163,-7.594334025212788,-5.312180638456038,-5.036486671173201,-5.547883303767652,-3.218447719691696,1.881358369137235,6.493573128763901,7.711057415154883,5.1033409916674195,2.1344592619287575,2.2423569335008118,4.708430593174175,6.841407281327186,8.703468541485819,11.99859289633811,14.343379106561436,11.22562630146115,2.8628498349430487,-4.483634898164789,-4.8154165638263855,0.2623801308630167,5.293284975384967,8.267840264601993,9.525372403833808,9.243395137808257,7.897865904565517,6.498687005908,5.791709241008753,6.925523261908529,10.395191787117248,13.105844417937037,11.720610266730944,7.221149606955528,3.2069745537202508,1.1015861705952439,-0.6146847725299338,-2.525966682512035,-4.534231323129582,-6.604361507466159,-7.107658400676213,-6.036522975702996,-6.291069218278157,-8.45431393052716,-8.617781723034998,-4.137003568415608,1.3227951139730854,3.0890421608287397,2.201801269738283,2.8424093849692085,5.5227757799755715,6.368441529404281,3.43476760899102,-1.5885847303981304,-6.25144445784489,-8.452780470739048,-8.093351270898655,-7.099901341847165,-6.855644091073364,-5.937550909232879,-2.005437961313696,3.4260752098364655,6.23070789753287,5.109942456442948,2.5847477942589663,0.7493772430410885,-0.5263142906521274,-0.2828094827369583,2.217922736913149,4.797111073682469,5.210809668918813,2.9885749175348835,0.038366405426781824,-0.5297863044191562,1.9513592460988427,5.177274575004796,5.84360391870378,2.4356517784794285,-2.201472379582535,-4.484513515826379,-6.134339951778394,-10.013583730676686,-13.761468691271428,-14.124199190878562,-11.329357308834275,-7.372917769420357,-4.056935127167449,-1.7623448336013077,-0.5549541065273242,-1.2851367207843118,-4.5778028813367815,-9.268243016366302,-11.448386901864449,-8.49926660248598,-2.6504394352206297,2.1374545909494453,4.196247015427023,4.8876632197597925,6.070070556394363,7.572696959941872,7.341011207933526,4.5943434590358585,2.0452430288435686,1.576582794738183,1.389634831668456,-0.7069994428251469,-4.832820684963588,-8.5036657104508,-8.277610164960588,-3.9630264087561873,-0.4403586485881519,-1.1492331135333043,-2.660127287678253,-1.763546710613788,-0.6758755418045554,-1.9524159400371328,-4.067088622598622,-3.259041440784208,1.374648715526945,6.645430942746257,8.283007916170972,4.962172230761154,-0.3539363528201882,-3.889785426970903,-4.052395048419367,-2.6835104253479294,-2.564726908354004,-2.445778383520244,0.08627923504187862,2.411195893953326,0.6762956137355545,-2.3193255205109287,-0.3447636614535341,6.453034926124168,11.406735204370541,10.80663942517114,8.174088122625871,7.285426408336967,6.520781734828454,3.2968412552569966,-1.3206929123369022,-3.8184033350072433,-1.596721455245227,3.2073113321492386,5.107940906904268,1.9894944935973715,-2.9680613025657614,-5.384002134296431,-4.554747583685463,-4.044118989950828,-5.4028468354922765,-5.293676348074175,-2.3450179446884434,-0.21649365325772507,-1.6562057523602505,-5.06790676583946,-6.328461592723851,-3.071787005771519,2.596803354128209,6.943885864060874,6.330529121755683,-1.0020754780466987,-10.244467523027488,-14.172406743582464,-12.318190900359319,-9.744142029145237,-9.068363508070227,-8.827220172859924,-7.999810272695264,-7.300552305381736,-7.055169582332365,-6.898570604968199,-7.195675686325082,-8.442305360586065,-9.002299749138288,-6.281930781067892,-0.7809037269303829,3.4613659625686353,4.203642121749521,4.571088728817934,8.076638835195162,13.171818587377164,16.070838989371445,15.469071965143684,13.34948595208403,13.205451168967794,15.175394780118165,14.748331815703978,9.9856215265819,5.102981607792319,5.037825559960698,9.03828530833787,10.541322703278023,5.620450555669524,-0.7222999916533421,-0.856523393718982,5.229898931909406,9.78247635096285,7.423240538656554,2.1412025802796086,1.672676527361959,7.7033639737971225,14.610562924518527,16.734166314916273,13.891313136313885,10.098350479900976,9.618145593989464,11.738175979792995,11.168914553963994,7.345428255700831,5.130783251655583,5.364312633392268,4.330594105442055,0.9893974042926086,-1.6469701490094426,-1.4026315121495294,0.4439353956034573,1.7430090143896528,1.9759208077927326,1.3251247920694773,0.166959666626326,-0.2690437478730914,-0.15678207975976832,-1.4828914459501057,-4.222038310430696,-5.967185937252562,-5.21739460734908,-2.8300020513665736,0.026883456957421004,3.607672839643577,6.742813142090284,5.749374830382752,0.03940669600249436,-5.995172214659666,-9.020161362312418,-8.833891207037274,-5.941456561071947,-2.3011193743364693,-0.020713639750734814,0.7321921265466571,0.4734072973163279,0.05833965593657631,-1.1298940299211253,-5.059666633844246,-10.341247784658531,-12.524958986217385,-9.586615670203223,-4.255136627560674,-0.7344215448822915,-0.4757082239170707,-1.923202737763404,-3.4524346772570738,-5.425445212940204,-8.38607153653481,-11.049091918865187,-12.073870277886126,-11.941760556572476,-11.87336930690828,-11.461487729038549,-9.5930818329382,-7.263690807314706,-7.234971826287968,-10.83547029012642,-15.272261167174069,-17.74857827390986,-20.06512293390859,-23.24979208817783,-23.88590409545066,-20.00913113136999,-14.168366181906794,-10.352592545429715,-11.35703814071595,-15.215327124375001,-15.89297201970662,-12.029935487647084,-7.614537332142559,-4.296156628131648,-0.7476870002504512,3.9757510897197825,8.02904198184407,8.029422745106782,4.368518689553058,0.843327794185031,0.8743069836850736,4.484938726496173,6.54241520386792,3.329704817289419,-1.2141170458218866,-0.8696395804672283,3.5024171629092833,4.997891981289609,1.54567289490871,-1.7333544759379507,-0.7677286428407202,2.2445298426489426,2.107129524342163,-1.4825117135971642,-2.6681809357484383,2.164340992076893,7.970991917547188,7.165926484524864,0.6281858440447348,-3.4620121645173683,-0.27829907637188,6.607703526152349,11.211236289566134,12.02315758596955,10.373686431993882,7.901574040451045,6.094044927275398,5.638549868940633,6.682947199226206,8.330244711075608,9.148394300947892,8.330148608961053,6.95567574073678,7.100119180902253,7.671706191924045,6.677714466765233,5.935458399257584,7.48193501834465,9.050522177277564,7.583529207256586,4.624864161214104,2.43350056284374,-0.12482793628145217,-2.909147216472327,-3.870820244966623,-2.8058133680657917,-0.8684473673218669,1.5031041626866752,3.736141550947483,3.326275660734346,-0.7271525299561148,-5.285199920792127,-5.871550106804801,-0.9319070778580265,4.17647990398898,3.2170337940732754,-1.5674739978481949,-4.097548775840078,-2.842749589213634,-0.6468164109945285,-0.033465453253221256,-1.166206397457783,-2.6979686703705354,-2.861312206453942,-1.22047163897079,1.2561783859588243,2.9758104463377406,2.7108249621786147,0.4974302086064726,-2.2500581421509693,-2.4061166584090925,1.018758713145436,4.994590095772148,6.427243153820012,4.357778512487101,0.9648026218742327,-0.8672141601504428,-0.43166172031359906,2.134464613403285,5.393634852254227,6.566906784264287,4.154994802172295,0.10621969530922293,-1.3486376445520434,1.0780376707555162,4.160373585743656,4.716933405529191,4.128804180571468,5.601571906286294,7.476702045407274,6.297138071135337,3.57381418778992,3.765741314645104,8.263615976897459,12.595765978353072,11.79202667921073,7.422150965181174,4.527822540373706,4.583896415903041,5.3795627125815075,5.222428864161641,4.666618763774316,5.796259082586087,8.489646279630303,9.113895384208556,6.468208876920032,2.759504721823287,0.9986062376782368,3.4605014629861053,8.004682109436832,10.76880209215078,10.376559008951762,7.537451888845155,3.934035088740564,0.812213267265335,-0.21210818960745303,0.8952732323764891,1.7085415584083243,1.8383364899997066,2.0084477708534187,2.104354611069347,2.391101486780272,3.3430163622601423,4.964308310222123,5.615918560337295,3.437116438841547,-0.49439021936501604,-2.936683313292459,-2.8138559193973496,-2.1983748449444214,-2.3221367796322134,-3.451762731131261,-5.534762074581746,-6.4636515542786075,-5.167928309679954,-3.2091450139448447,-2.8775849814751364,-5.253366103578639,-8.115108160409415,-9.368816878184795,-9.666027148315825,-9.382937312544241,-7.5866696668306215,-4.480765727084751,-1.8128755686992406,-0.10297479469565296,0.17570204822608382,-1.4115226354584145,-2.501773996641706,-1.8478666811679716,-1.803400349967859,-4.8377823547562,-10.240845283772497,-14.7949832084506,-16.346659794101434,-14.784698054262424,-12.715205599565547,-13.176741794580568,-15.524008557489921,-17.00223712880803,-14.84983451924726,-9.640518622860927,-6.021791713524916,-5.986823198947205,-6.847946559807891,-5.3372247297123785,-1.5576671951442513,0.806821953611081,-1.3996094965598598,-7.2028702483080895,-11.37902692372609,-10.796262386324466,-8.789874466429902,-9.136143830917863,-10.27223608346326,-8.487213771612897,-4.551857442789008,-2.5229025229822266,-4.1192617830502485,-7.181680285077301,-7.15608472938376,-3.6723055552189336,-1.7005998109738893,-3.2088169654206453,-5.49061598736637,-5.2115651205850915,-1.2244127543947698,4.2295911711188605,7.4086397318373365,7.41522237528277,7.3461713947906,7.924153140220417,6.021458427137826,1.4285935375837884,-2.5669713841683333,-3.1282189426083544,-0.3362514584878369,2.287288591137365,1.7574052546558097,-0.4698704350875538,-0.3093644108143021,3.3942939325769395,8.131243036550721,11.70133393082842,13.089644759912098,11.759356358424881,7.935773767442299,3.252283698535294,-0.5135563700652153,-2.8185914809177213,-3.528042428710611,-3.261641725375771,-2.1196300782674626,-0.14701250958682088,0.030548588006634958,-1.8433746514487535,-1.693131628481563,1.5642240295084946,4.093033346431106,3.5982303671354927,1.9778665994938471,0.28617838578702326,-2.4450071979152916,-5.21789049702776,-5.475290813764971,-2.5714966301166466,1.1380489522842723,3.2532769425053907,3.4930203121865535,2.1550537846007387,-0.11900076499022205,-1.8134274409600497,-1.0845740134191537,2.3096136592077112,5.89558488226082,7.400189490901397,7.008690689410619,6.61020547049737,6.6051531730798985,4.713355410235643,-0.039716054158201786,-5.5284600152627075,-8.305331036577954,-6.544799327102799,-2.6743287913684934,-0.16987069043567438,1.3804347642430956,3.654620986828782,5.283700553493964,5.4505333924708665,6.541285314016315,9.532522469683611,12.549505628647967,13.652814959252382,11.784604000418344,6.94712173607828,1.3195383961320548,-0.9466363015029664,1.6143646901068216,5.633283576833607,6.962459479485872,3.744213500019973,-0.42718521842140333,0.8631383000265203,6.653785353822253,9.898414605784804,7.892968730131723,4.782228861976576,5.048464821353257,6.9282656178220705,5.045347470614413,-1.749571531754107,-8.019415728344544,-7.16133942608729,1.1746316474166285,10.467928945888199,14.973932323300595,15.01897800897405,13.299816551697367,11.299618596856135,9.790532998734662,8.824521647301582,8.068297443528031,6.494805023210566,2.948478020507192,-2.3250372476675505,-8.251350124301236,-11.810407233065163,-9.658738084857495,-3.6353941878791076,0.2680205099695172,-1.2449136368169853,-4.559855991823174,-4.025283733754874,-0.11609182683598362,2.1274129442425433,0.1326365406851444,-3.3991295046038985,-3.7308109392610174,-0.03308606398697833,5.067684059009842,9.999699587895957,13.165327605551553,12.053040281254413,7.10205798147296,1.9470488716626306,-0.36155207333907846,-0.018866694902360592,-0.0863773325313737,-1.862763258182003,-2.9787719274505733,-2.18872072413439,-0.8384379255517729,0.3993052663589207,1.899740243018158,4.374930023691022,8.485696774044568,13.162096917365993,15.45346425981954,13.610113408931824,9.512188660088256,6.471506559039705,5.6374505363567735,5.361390052307607,3.6452395640366504,0.8374678531867925,-1.5782400884421186,-3.4509773030670274,-4.6487015333403185,-3.937120405383819,-1.7320842121390108,-0.7962529467621202,-2.638737969028657,-6.080133972132595,-9.179664144118565,-10.6670895043461,-10.716171356559995,-11.205881143004087,-13.002791499258143,-13.698637477837995,-11.246792489212384,-6.701448068916605,-2.3083835237554204,-0.6834448917813702,-2.099221657196603,-2.8111789606381556,-0.9743789027638217,1.40212745153549,3.2080850530547567,4.1934839307205785,3.1214123742104256,0.5148057978992737,-1.1009623945235454,-1.4460354975785457,-2.9501962533001613,-7.072543410154068,-12.254015909441401
7,8.806218025767942,7.118524852630536,4.8320637402234325,2.256566232550508,-1.0623331367175979,-3.1702440390691002,-1.6265103830966634,1.467426076128067,1.5154954995917347,-3.047232682561752,-8.217274750878168,-9.013421674546235,-6.589809078028239,-6.076777792509018,-8.590067709352034,-9.673101552502162,-6.787289633555201,-3.403129727512365,-2.3479038515717114,-1.3476026615935837,2.4255204721325523,6.918944035921136,6.6800076013525285,0.17488692416277196,-8.422651014699648,-13.871302511355584,-13.535213600354027,-9.3367203792356,-6.0270207386476,-6.81296198920448,-10.374888390152163,-13.373783942263138,-15.38102659579507,-16.432621380278214,-14.228090853091448,-8.673554933307608,-4.136098971396635,-3.379332062942038,-2.645756772721146,0.9457669348834994,3.6065323928637367,3.195961801169222,2.7998562934243623,3.0766559034926786,1.475648074983992,-0.7139701310148747,-0.4937271978829525,0.5706149365307316,0.13267429277664178,-1.2881853038056432,-2.2276621573244277,-1.4558232566174123,0.9187963922479665,3.251283462098849,4.302961995907946,4.921973534564451,6.431556885043104,8.209069063097166,8.635115458794337,7.523820418485558,7.230544353625405,10.01644001140687,14.714917852244113,18.354151936760466,19.495315985511205,18.594155684686687,16.626154623727377,14.659826571580387,13.931244235052034,15.15701250499231,17.68527181868039,18.819723575843962,16.319963021678234,11.948641237107104,8.769174950127091,7.651724663247343,7.388250946116236,5.630269489863596,2.0486705882321576,-0.5991617422411766,-0.6159342054133283,0.1823129648587054,-0.6362117611179503,-2.5014150559670956,-2.755475377447941,-0.3511270029213822,2.9746093579427737,4.566927877164872,3.128288388690223,-0.4678336951658135,-3.6740982745807216,-4.434092545364754,-3.678977576177992,-3.380886170257062,-3.7644924159341944,-4.515549253082575,-6.3226849041092255,-9.592187584231493,-12.172110152354051,-11.289712792225515,-8.023512267828142,-5.801802050469405,-5.296794113996519,-5.9287042999801525,-7.82806579127676,-8.577950120820613,-6.253339673346959,-4.127786789619353,-4.9877499953494375,-6.154926941967332,-5.417857179361803,-6.183752540735089,-11.001988865006599,-16.263410372131418,-18.115286790453276,-16.889368136192925,-14.493481352199112,-10.926456585322388,-4.957840032552284,1.1379230747957862,2.50024997257319,-1.7174790929102492,-7.514586664523803,-10.929238291385195,-10.973169041797568,-8.361212516621851,-3.992239086867457,0.295147418018626,2.5929422852740807,3.2212535142461967,3.862482268026306,4.645310165209565,4.349416368741199,4.046303231053145,5.884825402604534,7.903291864479874,7.394304831598291,6.004732907076217,4.687648120198924,1.450743883016635,-3.3397159980009867,-6.84904884382566,-7.496116982430166,-5.815063805604148,-3.353482085266757,-1.4257179768491337,-0.8867883348900989,-1.9588682605301067,-3.5106565677514636,-3.777231259033707,-2.970295431557441,-3.1784645962855524,-4.816949840137635,-6.809981127161574,-9.120281663364526,-11.649136454747982,-13.022614555715302,-11.558674133598863,-7.8712888408886705,-5.67229277711921,-6.94917029893506,-9.67110089354848,-10.135613296591282,-6.255285143028157,-0.5149035233776358,3.1457889839714186,4.290799279263555,5.802940517671873,9.491265513214724,13.746185581574592,16.29811016086494,16.130238593236022,14.517011262690879,14.37247763094216,15.951325885888899,15.965471685538411,11.73473376543368,4.445210466726628,-2.520693975973588,-6.68952788225492,-6.898959384595246,-4.0267620765065235,-0.2691845331340854,3.232374003806777,5.700284790439559,5.37971893133124,1.2270146854580166,-4.029360509207359,-6.628084239878948,-5.883790837722419,-2.393592177394666,2.193602097610901,4.759519526889978,3.0405597414564483,-2.7781857658102904,-9.911328936087918,-14.628744251329474,-14.935707834314119,-12.560630243138641,-10.360090817093116,-7.997419983725647,-3.7929547494982137,1.0205886998843265,3.3338560474359014,2.418302561521514,0.3704636438804485,-0.9437652512671693,-1.226908961191351,-0.5753307263255527,0.7975676615738638,1.4392532331431092,-0.37212161122262777,-4.490289549821357,-8.902147130521882,-11.167642119600243,-10.09301749828216,-6.109488045734885,-0.6590762199584272,2.8858638572633977,1.6444416025875226,-2.738213521603602,-6.181295658978868,-5.2442553303359185,-0.22135183374156497,4.082314071022901,4.5040958503881745,1.8876886762575884,-1.7696574843601267,-5.107053843747196,-7.739167838930629,-9.109637360214977,-8.651762631670216,-5.435590365266167,0.5841699914119491,5.049411727713089,4.685758488044837,3.1395357537491115,3.041273786190308,1.213863785328046,-2.8838048404066274,-4.756245038592463,-2.5389946296004995,1.3304063699020392,3.855292585464488,3.8587491240209753,3.0207297663852177,3.2519474160737065,4.3397049750075665,4.925289488841683,4.417922605719662,3.2947542333201607,0.8976751924787152,-3.0896460555313077,-6.851754782624434,-8.801824194579748,-8.133496852772122,-4.463070563628204,1.7112433441772446,8.449507364937894,12.93039383301198,13.656708331103577,11.252852694147684,8.399127133889516,7.508520341740475,8.09235205651533,8.922171825636129,9.080816191663612,7.929061003560995,7.219351178536199,9.01693408838647,12.218923386229527,14.407909607224411,14.760187440535963,13.9288227001507,13.241798741042366,13.487104669337414,13.415930969161202,12.397128073910734,11.824915221785298,11.085572742442992,8.49537296988626,4.789525714737291,2.1655790540093456,2.979399721543988,7.380974049155149,11.72578013081851,12.579731499078669,10.465846169284518,7.693923930008551,6.180610743581132,6.583438336183137,7.2532785042591446,7.276695263408202,7.763920877123498,9.537039812076324,12.2961975269551,13.717647645143813,11.469988931943703,6.675154126067072,2.7408519335478214,1.4057574597332323,1.170088499157056,0.04050910503379512,-2.2599008205560933,-3.7640538578902474,-1.507986543362362,3.5794839676458503,6.249850476051755,3.9482809518093145,0.18462363379834823,-1.1722156515773428,0.3960271803234452,4.549918742380536,8.606219682052892,7.7633474432084775,1.6699517720464718,-4.937601601016189,-8.043281909789805,-7.601629711676772,-5.025503871572583,-1.8518017388310377,-0.7711821065231657,-2.6994594592428545,-6.247179470952161,-9.191741760889162,-9.377271546164051,-7.8212222281731485,-6.93210907740095,-7.2976923235900095,-8.266729031233613,-8.336814804368041,-6.287205962419774,-2.2000541310310116,2.0674761272220343,4.121475112117519,4.080328172610743,4.160717997463513,5.4566780136082365,6.565683650139977,6.479934873941786,5.5010074009767465,3.463110413667386,1.138453045839959,-1.1152922400988103,-4.265256246021512,-8.311742323611107,-12.379433579257658,-14.052507117465012,-11.73544288154061,-8.019203231210575,-6.787917590859986,-8.763981502005953,-10.647270228157819,-10.54021897708571,-10.03102350431899,-9.065669386175738,-6.735472452964502,-4.943746122037259,-5.780755692135076,-8.006703229618932,-8.90509149871316,-7.946927836740928,-6.972477935491615,-7.458753283570186,-7.587260831247571,-4.691228571597547,0.17571391747078935,4.226366694388947,5.431388315615237,3.055069725384554,-0.35727396205293616,-1.127438690500509,0.8171440946317645,2.5627293318995434,3.393529591020801,4.948795999184224,5.767030217833719,2.4620985635720514,-4.6627211753369435,-10.928563296687964,-11.934918437031264,-8.773266403828048,-4.985671324889385,-1.6963654843481892,0.204342249648084,-0.4635392408407615,-2.5487785196962776,-3.4105834091563274,-1.9565707704246487,1.0194839625172172,3.954787008605619,4.7952083737757345,2.8606326455854383,-0.19610128806435734,-2.6241769184958237,-4.699939063127025,-7.231352159348044,-9.314555961274655,-10.617496216005927,-12.120715128180608,-13.502675110048688,-14.3548946434806,-15.334821416611822,-15.850777716490203,-14.091695244839068,-10.139109922303549,-6.746573937637439,-5.493734953464685,-4.470165456574904,-1.5794131367639217,1.9385592857850367,3.26957243895811,2.3020540809922485,0.32970316473352224,-2.4573039324014783,-4.88006352657282,-5.090155471670871,-3.4765822457930735,-2.326504609745344,-2.3709913263824394,-1.7353330858515283,0.7274185919313236,3.556133026874754,4.615805114972474,3.393539015322,0.7303100477935516,-1.766511336849339,-1.1367285978790154,3.0917064854182694,6.483510343497782,5.481991012926951,1.199139517738721,-1.957635545593508,-0.15461382120775813,5.379673839070518,9.661846387952394,9.27538214262801,5.268444129870035,2.244954068872032,2.776975059141283,3.205789837693727,-0.27409278251038094,-5.270102601596708,-7.624305463979221,-6.2459204843839355,-2.167561715955161,2.9711739977230867,7.717293620060309,10.185553433633132,8.699303994944879,3.964100487115399,-0.9039601609714047,-2.132891276740267,1.1304775660844308,6.4334636282930395,11.339019719622097,14.0930911213075,13.82783698632479,11.706775402230324,10.475037292494768,11.560069686398226,13.35033129216664,13.614663269645776,10.973917658391832,5.872580261282881,1.0365043584399416,-2.042421393996427,-4.145006788260671,-4.923887890599312,-2.732976065292517,0.880084156682793,2.319687531954539,1.3926507843884206,-0.7595779142911532,-3.692762621873632,-5.51850800514274,-4.429073023141745,-1.1857289645921028,1.8698811302503646,4.125070776551096,6.427714251852736,7.783126418598069,5.839782622626682,0.9011797833099013,-2.4352225634808047,-1.1219994434119105,2.1484154206853,4.134552185247362,4.6831172086689605,4.192856031252665,2.6908684275989927,1.8145246217468092,3.5517131260423564,6.321237243524543,6.651685107924742,5.03584129475805,5.041727011673081,6.782569875908495,6.409220804641118,2.318636298600751,-2.4929521243177177,-4.25792506871045,-1.7201468157868707,2.4233578698440734,3.407437829457102,-0.1734808407300914,-5.0533397504092195,-7.014050417249764,-5.5063609982386845,-4.442202804266126,-5.8752714001726005,-6.6825133012904905,-4.698527841080177,-2.513940441638015,-2.9186493690054087,-5.35510538803032,-7.132452819322705,-6.1042919194607315,-2.590013791847838,1.287968096192273,1.6507822875924862,-4.710836750069095,-13.800215948921416,-17.778858797564073,-15.501067586459158,-12.191185974252296,-10.51462537854583,-8.324949827982033,-4.78213841192146,-2.5976977411224667,-3.5498757017616924,-6.036541185919447,-7.991610496808207,-9.196945632000318,-9.624566365598497,-8.420550546030665,-5.598276413300612,-2.875545389190341,-0.9636994480313064,2.03063403567554,6.350218939404584,9.045714855969178,9.27893381802284,9.27045879613864,10.13040515856938,11.141578185371603,10.691190564729252,7.401652169891204,2.385433104450094,-1.3369754580906257,-1.69119863889782,0.14377591739605222,0.15209790809920953,-3.6731902460283568,-7.877832057577326,-7.620144088876698,-2.810268958952247,2.085374707144964,3.367491378736573,2.119912899266856,2.2501166345526347,5.520512066827142,10.25404143567146,13.747970353261863,14.263964820978742,11.925448792736207,9.846278625401048,10.494684516302257,11.054520895147258,9.073959999771684,6.606169161039077,4.755304810156304,2.472070712796171,-0.08885980496869905,-1.5191722085072112,-1.4915204593689078,-1.3119124590516371,-1.3209114217268212,-0.6607769801830647,-0.1518607531315519,-1.3027325321449794,-2.9009483798972404,-3.0362012249718164,-2.7755343213097383,-4.022009366628424,-6.406624592602242,-8.175538759117895,-8.201420144462492,-6.012692176153145,-1.2440147718512975,3.5237696534179026,3.0085873654991744,-2.864402110696653,-8.135269155496093,-9.257979510672717,-7.110999218415429,-3.6032233476919306,-0.5107110051589815,1.8756699172768387,3.7097611998168887,3.563883110407655,1.3797895468296906,-1.5630228691120385,-5.4007582209618095,-9.008002576121715,-9.398681099843088,-6.054001728330841,-1.7158791797912714,0.42811460183508365,-0.8004551339814459,-3.8553215830979566,-6.273074846420668,-7.426402641379097,-8.488204971213552,-9.507861070693599,-9.377840922825808,-8.221500417504464,-6.750219540856006,-4.704263955971614,-1.6274455633848492,1.9507875256331948,3.8179325288273986,1.7159617428607006,-3.0248432173104662,-7.455042908676592,-11.437429739234828,-14.884936070095774,-15.39095964702552,-12.655224907572753,-8.904010265823999,-5.737953748577349,-5.150085206297769,-7.511702475576309,-9.283107888778972,-8.083309704688403,-4.281481347813405,1.4324161583528614,6.81486891277381,9.362736315016637,9.030545991657362,7.384878449831704,6.057972381684937,5.006397871305871,4.104615185586046,4.879327839364436,6.828940362163813,7.601088522383508,7.050746751825925,6.909936984697337,7.325456191307533,6.087074207436679,2.9240480408828624,0.3362919265932265,-0.7484457218505689,-1.6148378068781708,-2.9350019361793724,-3.2233295051967574,-0.5074082378752554,4.616214585766101,8.481054580110092,7.971225808639828,4.68166897844857,3.0691877696260104,5.1541480440490055,9.16798263342534,12.688495577539905,14.85640306540321,15.015607168897857,12.78130360269929,9.854726025541785,9.029367571556374,10.706690305774519,11.964916370094382,10.49980484929972,7.268978430872879,5.1668718466479895,5.922040779292535,7.189569306458948,5.881383525262258,3.8188855453460113,4.136766872501446,5.248370848318321,4.204380162193337,2.0113286721200616,0.4572169450266772,-1.4691755275703353,-3.7118851272821907,-4.218557252581329,-2.9607288842007047,-1.5384974862459027,-0.3125957602832232,0.554456147470459,-0.7508681271540234,-4.397308272835839,-6.849432897123778,-4.7355245418147405,1.3816447664435518,6.125941945247995,5.234689682810323,1.6148915852730603,-0.33677946908823486,-0.6684703426027614,-1.0190496378955025,-1.3954272927073106,-1.2875990652961598,-1.4727575823739674,-2.4436911650349504,-2.6116415714600745,-0.5125537209981559,2.1559724856671316,1.9756226718040182,-2.2108021770575865,-7.222859425100596,-8.037810344386077,-4.518366393546095,-1.7459522970385706,-2.771357412728781,-5.587575487280775,-6.193399332095322,-3.942265566926786,-2.1658172669759406,-2.443001779308217,-2.815426032082881,-1.9895935057161704,-1.908180496974227,-4.3291051503233025,-6.854993049787868,-5.929150025532284,-1.9880495643341307,1.2074745312581552,2.081010332144979,2.9146081928015013,4.244114129726625,3.537845784705178,0.981039770662802,0.06461043455137183,2.4133400041207826,5.058743059851145,4.1664459282944435,0.7064946554866447,-1.8605199284734972,-2.973614678465494,-3.4200432098902587,-3.0175034185507164,-1.8064469768363205,0.12072583021593308,1.72838575453873,1.0407639092389187,-1.158721133974458,-2.9755140446496764,-3.558884371947103,-1.7421934079902837,1.9778759258572256,5.401046329732714,6.4696646971957446,4.237928460890112,0.042029650485083225,-3.5773279784007377,-4.407569015309333,-3.237926722761885,-3.2256359960961447,-4.429142997615882,-4.809343402795934,-3.969272317699126,-2.5616622730749095,-1.138566903693082,0.2521370878847262,1.1136277899222444,0.16750217936785106,-2.401046960822159,-4.360495184996976,-4.449818315173791,-3.6286020038028086,-3.106467635647552,-4.003486698564776,-6.3279513086613814,-7.495479345605798,-5.986992684826013,-3.2459965799153654,-1.6616353690798484,-2.792946968977173,-5.0610427671240785,-6.184761100689325,-6.451593298675919,-6.04509705865156,-3.98980290250179,-1.3798509535302763,-0.5700089262206981,-0.8552431717476834,-0.7115384503764686,-0.4033816533374601,0.4503506517173257,1.7719959727246444,1.8328063876106286,-0.6168854164886599,-5.049806426591523,-9.631318003688857,-12.326817418076025,-11.984500599622512,-10.521039411308156,-10.732534474521728,-12.048152081857669,-12.192705823372663,-9.238646871744802,-3.67460590497787,0.9114392862316842,2.547264458442159,2.5712964007295227,3.0440584998351357,4.748652158246722,6.504636957140234,6.118529142841124,2.7392318931207207,-1.1896835495554718,-2.6894698414220546,-1.9106302715578174,-0.4704037118136375,1.1672598762570061,2.939553421035655,4.001991851259515,4.2618141366157865,4.127288358828444,3.4382758653558803,3.266418899550784,4.007669796165665,4.4489134731614515,4.740857021427907,5.174809343517973,5.294357916344982,5.744156712064709,8.004227054479463,11.997137811689825,15.22608472313085,15.337971734001535,12.180975058044309,8.353985414359421,7.4892224091925765,9.419562204872564,10.889950512682395,11.066285299892314,11.22823843868798,11.51591034494847,11.220505693461405,10.390223718709773,9.71340858321225,10.238401371539444,12.424464815748463,14.439444213759838,13.67718799657074,9.859334816350513,5.508233651819831,2.685874916555626,1.0280792546847533,-0.2766418980495544,-1.512760393385003,-1.7937804127370987,-0.9821976174602671,-2.1599076134952675,-5.55181163646318,-6.103919293908914,-2.293891554250437,0.9620720689624669,0.33105224474609685,-2.3297991637520723,-5.673273789947326,-10.338741636179428,-14.506069190572202,-14.932247878239663,-11.253966893762149,-6.146717731217261,-2.479965388640582,-1.2933846027151388,-2.240848651563801,-4.307076577775757,-5.667054862341093,-4.51346219256601,-1.3008065376963733,1.8710839112632254,4.386150082998488,6.4375835332648235,7.371807040654248,6.111395253418975,2.0568060651709175,-3.5876546568552414,-8.383079765291818,-10.567499066028315,-9.645651980500022,-6.783438868029892,-3.890713658665904,-1.0234266626667337,1.6410567764367738,1.465018812980606,-0.6494740074448977,0.909331294945344,7.095195905860628,12.421063564444578,12.619466194166929,8.17364446682319,2.0584118153221667,-2.5797243286309026,-3.8472208895529096,-2.3117303700829,0.5545246412484737,3.408056872257582,3.6990783298879713,1.1974950470119978,-0.5624920621659601,-0.434209204193408,-0.2066836061658366,-0.529899438161241,-0.9362318243102421,-1.1567036412215455,-1.7270807710232212,-3.8071477396832236,-7.808382533271001,-11.96675237502507,-12.381041339811679,-6.2541377124969255,3.4750401298835314,10.091407231850983,10.234694326361042,5.533623223387473,0.18534609167230176,-2.2489246148712825,-2.0197456956951445,-1.5164008276276366,-2.3857756473465757,-4.4450152430846765,-6.480437183770794,-8.835981394071503,-11.43874402398933,-11.939958562396807,-9.608139970275923,-7.117492655455213,-7.231296705560364,-8.796288871975845,-8.4005134711323,-5.893959923992053,-3.938603447688747,-3.931558172899865,-4.563274086640807,-3.4966277495359783,-0.5879164887747343,3.0916028655420167,7.534984403119358,10.88032205636611,9.412344897329842,3.312508320422177,-2.9973610076523434,-6.109636016675722,-6.6327840781464795,-7.827152501378409,-10.931632625138766,-13.216527983393199,-12.464152063544983,-9.48721290447326,-5.603183828036958,-1.3857765669544886,3.2351967692869503,8.496072975818352,13.746143898602995,17.10063505302302,16.821989142805187,13.817101862274901,11.244824529072034,11.170866893262286,11.982256046980805,10.038592544683265,4.865905621989661,-0.2850488373944744,-3.0943399614538247,-3.709406903901635,-3.03662889842262,-2.7188383800654847,-4.66136529847463,-8.37760939875507,-11.595982056276053,-13.301133425593669,-13.522670965611688,-12.572478874296541,-11.444135311287427,-10.024579883347212,-6.576204960699452,-1.1758743021596965,4.225733272473939,8.92636355695753,12.09263653294574,12.86696305939846,13.155152722781587,14.430059042559858,16.107761195110186,18.297272383221753,19.943972233392643,18.210862331042694,13.801493454096228,11.307231743269789,12.589743287117088,13.864672023895396,10.122256927954798,1.5910636630494608
